//Section   Type   Level   Dur   Skill   Luck   Option   ExcOp	SetOp	JoH	OEx	Socket1	Socket2	Socket3	Socket4	Socket5
15          3      0       1     0       0      0        0  0 0 0 0 0 0 0 0 
15  	    8	   0	   0	 0	 0	0	 0  0 0 0 0 0 0 0 0    //Scroll of Evil Spirit
15          10     0       1     0       0      0        0  0 0 0 0 0 0 0 0 
15          2      0       1     0       0      0        0  0 0 0 0 0 0 0 0 
15          1      0       1     0       0      0        0  0 0 0 0 0 0 0 0 
15          5      0       1     0       0      0        0  0 0 0 0 0 0 0 0 
15          6      0       1     0       0      0        0  0 0 0 0 0 0 0 0 
15          0      0       1     0       0      0        0  0 0 0 0 0 0 0 0 
7           2      0       0     0       1      1        0  0 0 0 0 0 0 0 0 
8           2      0       0     0       1      1        0  0 0 0 0 0 0 0 0 
9           2      0       0     0       1      1        0  0 0 0 0 0 0 0 0 
10          2      0       0     0       1      1        0  0 0 0 0 0 0 0 0 
11          2      0       0     0       1      1        0  0 0 0 0 0 0 0 0 
7           4      2       0     0       1      1        0  0 0 0 0 0 0 0 0 
8           4      2       0     0       1      1        0  0 0 0 0 0 0 0 0 
9           4      2       0     0       1      1        0  0 0 0 0 0 0 0 0 
10          4      2       0     0       1      1        0  0 0 0 0 0 0 0 0 
11          4      2       0     0       1      1        0  0 0 0 0 0 0 0 0 
5           0      0       0     0       1      1        0  0 0 0 0 0 0 0 0 
5           1      2       0     0       1      1        0  0 0 0 0 0 0 0 0 
5	    4	   2	   0	 0	 1	1	 0  0 0 0 0 0 0 0 0   //Gorgon Staff
end
