//Section   Type   Level   Dur   Skill   Luck   Option   ExcOp	SetOp	JoH	OEx	Socket1	Socket2	Socket3	Socket4	Socket5
7           39     2       0     0       1      1        0  0 0 0 0 0 0 0 0 
8           39     2       0     0       1      1        0  0 0 0 0 0 0 0 0 
9           39     2       0     0       1      1        0  0 0 0 0 0 0 0 0 
10          39     2       0     0       1      1        0  0 0 0 0 0 0 0 0 
11          39     2       0     0       1      1        0  0 0 0 0 0 0 0 0 
1           0      1       0     0       1      1        0  0 0 0 0 0 0 0 0 
0           1      0       0     0       1      1        0  0 0 0 0 0 0 0 0 
1           1      1       0     0       1      1        0  0 0 0 0 0 0 0 0 
0           2      2       0     1       1      1        0  0 0 0 0 0 0 0 0 
1           4      1       0     0       1      1        0  0 0 0 0 0 0 0 0 
0           0      1       0     0       1      1        0  0 0 0 0 0 0 0 0 
5           0      1       0     0       1      1        0  0 0 0 0 0 0 0 0 
5           14     1       0     0       1      1        0  0 0 0 0 0 0 0 0 
5           15     2       0     0       1      1        0  0 0 0 0 0 0 0 0 
5           16     1       0     0       1      1        0  0 0 0 0 0 0 0 0 
end
