//|================================================================|
//| Zythe CashShop Editor                                          |
//| Credit: Zyth3/louis                          [skype:tec-facil] |
//|================================================================|
//Cat	ID	Main	Item	Coin	Price	Bonus	PBase1	PBase2	PBase3	PBase4	PBase5	PBase6	PBase7	PBase8	PBase9	PBase10	PMain1	PMain2	PMain3	PMain4	PMain5	PMain6	PMain7	PMain8	PMain9	PMain10	Comment
0	504	504	1	509	3000	0	5040	0	0	0	0	0	0	0	0	0	5040	0	0	0	0	0	0	0	0	0	// Wings of Spirits
0	505	505	1	509	3000	0	5050	0	0	0	0	0	0	0	0	0	5050	0	0	0	0	0	0	0	0	0	// Wings of Soul
0	506	506	1	509	3000	0	5060	0	0	0	0	0	0	0	0	0	5060	0	0	0	0	0	0	0	0	0	// Wings of Dragon
0	507	507	1	509	3000	0	5070	0	0	0	0	0	0	0	0	0	5070	0	0	0	0	0	0	0	0	0	// Wings of Darkness
0	508	508	1	509	3000	0	5080	0	0	0	0	0	0	0	0	0	5080	0	0	0	0	0	0	0	0	0	// Wind of Despair
0	509	509	1	509	3000	0	5090	0	0	0	0	0	0	0	0	0	5090	0	0	0	0	0	0	0	0	0	// Cloak of Warrior
0	510	510	1	509	3000	0	5100	0	0	0	0	0	0	0	0	0	5100	0	0	0	0	0	0	0	0	0	// Cape of Lord
0	511	511	1	509	5000	0	5110	0	0	0	0	0	0	0	0	0	5110	0	0	0	0	0	0	0	0	0	// Wing of Storm
0	512	512	1	509	5000	0	5120	0	0	0	0	0	0	0	0	0	5120	0	0	0	0	0	0	0	0	0	// Wing of Eternal
0	513	513	1	509	5000	0	5130	0	0	0	0	0	0	0	0	0	5130	0	0	0	0	0	0	0	0	0	// Wing of Illusion
0	514	514	1	509	5000	0	5140	0	0	0	0	0	0	0	0	0	5140	0	0	0	0	0	0	0	0	0	// Wing of Ruin
0	515	515	1	509	5000	0	5150	0	0	0	0	0	0	0	0	0	5150	0	0	0	0	0	0	0	0	0	// Cape of Emperor
0	516	516	1	509	5000	0	5160	0	0	0	0	0	0	0	0	0	5160	0	0	0	0	0	0	0	0	0	// Wing of Dimension
0	517	517	1	509	5000	0	5170	0	0	0	0	0	0	0	0	0	5170	0	0	0	0	0	0	0	0	0	// Lord of the Cape
31	100	100	1	508	2000	0	1000	0	0	0	0	0	0	0	0	0	1000	0	0	0	0	0	0	0	0	0	// Kris
31	101	101	1	508	2000	0	1010	0	0	0	0	0	0	0	0	0	1010	0	0	0	0	0	0	0	0	0	// Short Sword
31	102	102	1	508	2000	0	1020	0	0	0	0	0	0	0	0	0	1020	0	0	0	0	0	0	0	0	0	// Rapier
31	103	103	1	508	2000	0	1030	0	0	0	0	0	0	0	0	0	1030	0	0	0	0	0	0	0	0	0	// Katana
31	104	104	1	508	3000	0	1040	0	0	0	0	0	0	0	0	0	1040	0	0	0	0	0	0	0	0	0	// Sword Dancer
31	105	105	1	508	4000	0	1050	0	0	0	0	0	0	0	0	0	1050	0	0	0	0	0	0	0	0	0	// Flameberge
31	106	106	1	508	4000	0	1060	0	0	0	0	0	0	0	0	0	1060	0	0	0	0	0	0	0	0	0	// Sword Breaker
31	107	107	1	508	4000	0	1070	0	0	0	0	0	0	0	0	0	1070	0	0	0	0	0	0	0	0	0	// Rune Bastard Sword
31	108	108	1	508	4000	0	1080	0	0	0	0	0	0	0	0	0	1080	0	0	0	0	0	0	0	0	0	// Rune Blade
31	109	109	1	508	4000	0	1090	0	0	0	0	0	0	0	0	0	1090	0	0	0	0	0	0	0	0	0	// Sacred Glove
31	110	110	1	508	4000	0	1100	0	0	0	0	0	0	0	0	0	1100	0	0	0	0	0	0	0	0	0	// Holly Storm Claws
31	111	111	1	508	4000	0	1110	0	0	0	0	0	0	0	0	0	1110	0	0	0	0	0	0	0	0	0	// Phoenix Soul Star
31	112	112	1	508	2000	0	1120	0	0	0	0	0	0	0	0	0	1120	0	0	0	0	0	0	0	0	0	// Sword of Assassin
31	113	113	1	508	2000	0	1130	0	0	0	0	0	0	0	0	0	1130	0	0	0	0	0	0	0	0	0	// Blade
31	114	114	1	508	2000	0	1140	0	0	0	0	0	0	0	0	0	1140	0	0	0	0	0	0	0	0	0	// Gladius
31	115	115	1	508	2000	0	1150	0	0	0	0	0	0	0	0	0	1150	0	0	0	0	0	0	0	0	0	// Falchion
31	116	116	1	508	4000	0	1160	0	0	0	0	0	0	0	0	0	1160	0	0	0	0	0	0	0	0	0	// Piercing Glove
31	117	117	1	508	4000	0	1170	0	0	0	0	0	0	0	0	0	1170	0	0	0	0	0	0	0	0	0	// Light Spear
31	118	118	1	508	4000	0	1180	0	0	0	0	0	0	0	0	0	1180	0	0	0	0	0	0	0	0	0	// Spear
31	119	119	1	508	2000	0	1190	0	0	0	0	0	0	0	0	0	1190	0	0	0	0	0	0	0	0	0	// Serpent Sword
31	120	120	1	508	2000	0	1200	0	0	0	0	0	0	0	0	0	1200	0	0	0	0	0	0	0	0	0	// Sword of Salamander
31	121	121	1	508	2000	0	1210	0	0	0	0	0	0	0	0	0	1210	0	0	0	0	0	0	0	0	0	// Light Saber
31	122	122	1	508	2000	0	1220	0	0	0	0	0	0	0	0	0	1220	0	0	0	0	0	0	0	0	0	// Legendary Sword
31	123	123	1	508	2000	0	1230	0	0	0	0	0	0	0	0	0	1230	0	0	0	0	0	0	0	0	0	// Heliacal Sword
31	124	124	1	508	2000	0	1240	0	0	0	0	0	0	0	0	0	1240	0	0	0	0	0	0	0	0	0	// Double Blade
31	125	125	1	508	3000	0	1250	0	0	0	0	0	0	0	0	0	1250	0	0	0	0	0	0	0	0	0	// Lighting Sword
31	126	126	1	508	2000	0	1260	0	0	0	0	0	0	0	0	0	1260	0	0	0	0	0	0	0	0	0	// Giant Sword
31	127	127	1	508	2000	0	1270	0	0	0	0	0	0	0	0	0	1270	0	0	0	0	0	0	0	0	0	// Sword of Destruction
31	128	128	1	508	2000	0	1280	0	0	0	0	0	0	0	0	0	1280	0	0	0	0	0	0	0	0	0	// Dark Breaker
31	129	129	1	508	2000	0	1290	0	0	0	0	0	0	0	0	0	1290	0	0	0	0	0	0	0	0	0	// Thunder Blade
31	130	130	1	508	3000	0	1300	0	0	0	0	0	0	0	0	0	1300	0	0	0	0	0	0	0	0	0	// Divine Sword of Archangel
31	131	131	1	508	3000	0	1310	0	0	0	0	0	0	0	0	0	1310	0	0	0	0	0	0	0	0	0	// Knight Blade
31	132	132	1	508	3000	0	1320	0	0	0	0	0	0	0	0	0	1320	0	0	0	0	0	0	0	0	0	// Dark Reign Blade
31	133	133	1	508	3000	0	1330	0	0	0	0	0	0	0	0	0	1330	0	0	0	0	0	0	0	0	0	// Bone Blade
31	134	134	1	508	3000	0	1340	0	0	0	0	0	0	0	0	0	1340	0	0	0	0	0	0	0	0	0	// Explosion Blade
31	135	135	1	508	3000	0	1350	0	0	0	0	0	0	0	0	0	1350	0	0	0	0	0	0	0	0	0	// Daybreak
31	136	136	1	508	4000	0	1360	0	0	0	0	0	0	0	0	0	1360	0	0	0	0	0	0	0	0	0	// Dragon Lance
31	137	137	1	508	4000	0	1370	0	0	0	0	0	0	0	0	0	1370	0	0	0	0	0	0	0	0	0	// Giant Trident
31	138	138	1	508	4000	0	1380	0	0	0	0	0	0	0	0	0	1380	0	0	0	0	0	0	0	0	0	// Serpent Spear
31	139	139	1	508	4000	0	1390	0	0	0	0	0	0	0	0	0	1390	0	0	0	0	0	0	0	0	0	// Double Poleaxe
31	140	140	1	508	4000	0	1400	0	0	0	0	0	0	0	0	0	1400	0	0	0	0	0	0	0	0	0	// Halberd
31	141	141	1	508	4000	0	1410	0	0	0	0	0	0	0	0	0	1410	0	0	0	0	0	0	0	0	0	// Berdysh
31	142	142	1	508	4000	0	1420	0	0	0	0	0	0	0	0	0	1420	0	0	0	0	0	0	0	0	0	// Great Scythe
31	143	143	1	508	4000	0	1430	0	0	0	0	0	0	0	0	0	1430	0	0	0	0	0	0	0	0	0	// Bill of Balrog
31	144	144	1	508	4000	0	1440	0	0	0	0	0	0	0	0	0	1440	0	0	0	0	0	0	0	0	0	// Dragon Spear
31	145	145	1	508	15000	0	1450	0	0	0	0	0	0	0	0	0	1450	0	0	0	0	0	0	0	0	0	// Beurova
32	168	168	1	508	2000	0	1680	0	0	0	0	0	0	0	0	0	1680	0	0	0	0	0	0	0	0	0	// Bronze Helm
32	169	169	1	508	2000	0	1690	0	0	0	0	0	0	0	0	0	1690	0	0	0	0	0	0	0	0	0	// Dragon Helm
32	170	170	1	508	2000	0	1700	0	0	0	0	0	0	0	0	0	1700	0	0	0	0	0	0	0	0	0	// Pad Helm
32	171	171	1	508	2000	0	1710	0	0	0	0	0	0	0	0	0	1710	0	0	0	0	0	0	0	0	0	// Legendary Helm
32	172	172	1	508	2000	0	1720	0	0	0	0	0	0	0	0	0	1720	0	0	0	0	0	0	0	0	0	// Bone Helm
32	173	173	1	508	2000	0	1730	0	0	0	0	0	0	0	0	0	1730	0	0	0	0	0	0	0	0	0	// Leather Helm
32	174	174	1	508	2000	0	1740	0	0	0	0	0	0	0	0	0	1740	0	0	0	0	0	0	0	0	0	// Scale Helm
32	175	175	1	508	2000	0	1750	0	0	0	0	0	0	0	0	0	1750	0	0	0	0	0	0	0	0	0	// Sphinx Helm
32	176	176	1	508	2000	0	1760	0	0	0	0	0	0	0	0	0	1760	0	0	0	0	0	0	0	0	0	// Brass Helm
32	177	177	1	508	2000	0	1770	0	0	0	0	0	0	0	0	0	1770	0	0	0	0	0	0	0	0	0	// Plate Helm
32	178	178	1	508	2000	0	1780	0	0	0	0	0	0	0	0	0	1780	0	0	0	0	0	0	0	0	0	// Vine Helm
32	179	179	1	508	2000	0	1790	0	0	0	0	0	0	0	0	0	1790	0	0	0	0	0	0	0	0	0	// Silk Helm
32	180	180	1	508	2000	0	1800	0	0	0	0	0	0	0	0	0	1800	0	0	0	0	0	0	0	0	0	// Wind Helm
32	181	181	1	508	2000	0	1810	0	0	0	0	0	0	0	0	0	1810	0	0	0	0	0	0	0	0	0	// Spirit Helm
32	182	182	1	508	2000	0	1820	0	0	0	0	0	0	0	0	0	1820	0	0	0	0	0	0	0	0	0	// Guardian Helm
32	183	183	1	508	2000	0	1830	0	0	0	0	0	0	0	0	0	1830	0	0	0	0	0	0	0	0	0	// Black Dragon Helm
32	184	184	1	508	2000	0	1840	0	0	0	0	0	0	0	0	0	1840	0	0	0	0	0	0	0	0	0	// Dark Phoenix Helm
32	185	185	1	508	2000	0	1850	0	0	0	0	0	0	0	0	0	1850	0	0	0	0	0	0	0	0	0	// Grand Soul Helm
32	186	186	1	508	2000	0	1860	0	0	0	0	0	0	0	0	0	1860	0	0	0	0	0	0	0	0	0	// Divine Helm
32	187	187	1	508	2000	0	1870	0	0	0	0	0	0	0	0	0	1870	0	0	0	0	0	0	0	0	0	// Great Dragon Helm
32	188	188	1	508	2000	0	1880	0	0	0	0	0	0	0	0	0	1880	0	0	0	0	0	0	0	0	0	// Dark Soul Helm
32	189	189	1	508	2000	0	1890	0	0	0	0	0	0	0	0	0	1890	0	0	0	0	0	0	0	0	0	// Red Spirit Helm
32	190	190	1	508	2000	0	1900	0	0	0	0	0	0	0	0	0	1900	0	0	0	0	0	0	0	0	0	// Light Plate Helm
32	191	191	1	508	2000	0	1910	0	0	0	0	0	0	0	0	0	1910	0	0	0	0	0	0	0	0	0	// Adamantine Helm
32	192	192	1	508	2000	0	1920	0	0	0	0	0	0	0	0	0	1920	0	0	0	0	0	0	0	0	0	// Dark Steel Helm
32	193	193	1	508	2000	0	1930	0	0	0	0	0	0	0	0	0	1930	0	0	0	0	0	0	0	0	0	// Dark Master Helm
32	194	194	1	508	3000	0	1940	0	0	0	0	0	0	0	0	0	1940	0	0	0	0	0	0	0	0	0	// Dragon Knight Helm
32	195	195	1	508	3000	0	1950	0	0	0	0	0	0	0	0	0	1950	0	0	0	0	0	0	0	0	0	// Venom Mist Helm
32	196	196	1	508	3000	0	1960	0	0	0	0	0	0	0	0	0	1960	0	0	0	0	0	0	0	0	0	// Sylphid Ray Helm
32	197	197	1	508	3000	0	1970	0	0	0	0	0	0	0	0	0	1970	0	0	0	0	0	0	0	0	0	// Sunlight Helm
32	198	198	1	508	3000	0	1980	0	0	0	0	0	0	0	0	0	1980	0	0	0	0	0	0	0	0	0	// Ashcrow Helm
32	199	199	1	508	3000	0	1990	0	0	0	0	0	0	0	0	0	1990	0	0	0	0	0	0	0	0	0	// Eclipse Helm
32	200	200	1	508	3000	0	2000	0	0	0	0	0	0	0	0	0	2000	0	0	0	0	0	0	0	0	0	// Iris Helm
32	201	201	1	508	3000	0	2010	0	0	0	0	0	0	0	0	0	2010	0	0	0	0	0	0	0	0	0	// Glorious Helm
32	202	202	1	508	3000	0	2020	0	0	0	0	0	0	0	0	0	2020	0	0	0	0	0	0	0	0	0	// Violent Wind Helm
32	203	203	1	508	3000	0	2030	0	0	0	0	0	0	0	0	0	2030	0	0	0	0	0	0	0	0	0	// Red Wing Helm
32	204	204	1	508	3000	0	2040	0	0	0	0	0	0	0	0	0	2040	0	0	0	0	0	0	0	0	0	// Ancient Helm
32	205	205	1	508	3000	0	2050	0	0	0	0	0	0	0	0	0	2050	0	0	0	0	0	0	0	0	0	// Demonic Helm
32	206	206	1	508	3000	0	2060	0	0	0	0	0	0	0	0	0	2060	0	0	0	0	0	0	0	0	0	// Storm Blitz Helm
32	207	207	1	508	4000	0	2070	0	0	0	0	0	0	0	0	0	2070	0	0	0	0	0	0	0	0	0	// Titan Helm
32	208	208	1	508	4000	0	2080	0	0	0	0	0	0	0	0	0	2080	0	0	0	0	0	0	0	0	0	// Brave Helm
32	228	228	1	508	4000	0	2280	0	0	0	0	0	0	0	0	0	2280	0	0	0	0	0	0	0	0	0	// Seraphim Helm
32	229	229	1	508	4000	0	2290	0	0	0	0	0	0	0	0	0	2290	0	0	0	0	0	0	0	0	0	// Divine Helm
32	230	230	1	508	4000	0	2300	0	0	0	0	0	0	0	0	0	2300	0	0	0	0	0	0	0	0	0	// Royal Helm
32	231	231	1	508	4000	0	2310	0	0	0	0	0	0	0	0	0	2310	0	0	0	0	0	0	0	0	0	// Hades Helm
32	232	232	1	508	4000	0	2320	0	0	0	0	0	0	0	0	0	2320	0	0	0	0	0	0	0	0	0	// Sacred Helm
32	233	233	1	508	4000	0	2330	0	0	0	0	0	0	0	0	0	2330	0	0	0	0	0	0	0	0	0	// Storm Hard Helm
32	234	234	1	508	4000	0	2340	0	0	0	0	0	0	0	0	0	2340	0	0	0	0	0	0	0	0	0	// Piercing Helm
32	235	235	1	508	4000	0	2350	0	0	0	0	0	0	0	0	0	2350	0	0	0	0	0	0	0	0	0	// Phoenix Soul Helm
33	396	396	1	508	2000	0	3960	0	0	0	0	0	0	0	0	0	3960	0	0	0	0	0	0	0	0	0	// Bronze Gloves
33	397	397	1	508	2000	0	3970	0	0	0	0	0	0	0	0	0	3970	0	0	0	0	0	0	0	0	0	// Dragon Gloves
33	398	398	1	508	2000	0	3980	0	0	0	0	0	0	0	0	0	3980	0	0	0	0	0	0	0	0	0	// Pad Gloves
33	399	399	1	508	2000	0	3990	0	0	0	0	0	0	0	0	0	3990	0	0	0	0	0	0	0	0	0	// Legendary Gloves
33	400	400	1	508	2000	0	4000	0	0	0	0	0	0	0	0	0	4000	0	0	0	0	0	0	0	0	0	// Bone Gloves
33	401	401	1	508	2000	0	4010	0	0	0	0	0	0	0	0	0	4010	0	0	0	0	0	0	0	0	0	// Leather Gloves
33	402	402	1	508	2000	0	4020	0	0	0	0	0	0	0	0	0	4020	0	0	0	0	0	0	0	0	0	// Scale Gloves
33	403	403	1	508	2000	0	4030	0	0	0	0	0	0	0	0	0	4030	0	0	0	0	0	0	0	0	0	// Sphinx Gloves
33	404	404	1	508	2000	0	4040	0	0	0	0	0	0	0	0	0	4040	0	0	0	0	0	0	0	0	0	// Brass Gloves
33	405	405	1	508	2000	0	4050	0	0	0	0	0	0	0	0	0	4050	0	0	0	0	0	0	0	0	0	// Plate Gloves
33	406	406	1	508	2000	0	4060	0	0	0	0	0	0	0	0	0	4060	0	0	0	0	0	0	0	0	0	// Vine Gloves
33	407	407	1	508	2000	0	4070	0	0	0	0	0	0	0	0	0	4070	0	0	0	0	0	0	0	0	0	// Silk Gloves
33	408	408	1	508	2000	0	4080	0	0	0	0	0	0	0	0	0	4080	0	0	0	0	0	0	0	0	0	// Wind Gloves
33	409	409	1	508	2000	0	4090	0	0	0	0	0	0	0	0	0	4090	0	0	0	0	0	0	0	0	0	// Spirit Gloves
33	410	410	1	508	2000	0	4100	0	0	0	0	0	0	0	0	0	4100	0	0	0	0	0	0	0	0	0	// Guardian Gloves
33	411	411	1	508	2000	0	4110	0	0	0	0	0	0	0	0	0	4110	0	0	0	0	0	0	0	0	0	// Storm Crow Gloves
33	412	412	1	508	2000	0	4120	0	0	0	0	0	0	0	0	0	4120	0	0	0	0	0	0	0	0	0	// Black Dragon Gloves
33	413	413	1	508	2000	0	4130	0	0	0	0	0	0	0	0	0	4130	0	0	0	0	0	0	0	0	0	// Dark Phoenix Gloves
33	414	414	1	508	2000	0	4140	0	0	0	0	0	0	0	0	0	4140	0	0	0	0	0	0	0	0	0	// Grand Soul Gloves
33	415	415	1	508	2000	0	4150	0	0	0	0	0	0	0	0	0	4150	0	0	0	0	0	0	0	0	0	// Divine Gloves
33	416	416	1	508	2000	0	4160	0	0	0	0	0	0	0	0	0	4160	0	0	0	0	0	0	0	0	0	// Thunder Hawk Gloves
33	417	417	1	508	2000	0	4170	0	0	0	0	0	0	0	0	0	4170	0	0	0	0	0	0	0	0	0	// Great Dragon Gloves
33	418	418	1	508	2000	0	4180	0	0	0	0	0	0	0	0	0	4180	0	0	0	0	0	0	0	0	0	// Dark Soul Gloves
33	419	419	1	508	2000	0	4190	0	0	0	0	0	0	0	0	0	4190	0	0	0	0	0	0	0	0	0	// Hurricane Gloves
33	420	420	1	508	2000	0	4200	0	0	0	0	0	0	0	0	0	4200	0	0	0	0	0	0	0	0	0	// Red Spirit Gloves
33	421	421	1	508	2000	0	4210	0	0	0	0	0	0	0	0	0	4210	0	0	0	0	0	0	0	0	0	// Light Plate Gloves
33	422	422	1	508	2000	0	4220	0	0	0	0	0	0	0	0	0	4220	0	0	0	0	0	0	0	0	0	// Adamantine Gloves
33	423	423	1	508	2000	0	4230	0	0	0	0	0	0	0	0	0	4230	0	0	0	0	0	0	0	0	0	// Dark Steel Gloves
33	424	424	1	508	2000	0	4240	0	0	0	0	0	0	0	0	0	4240	0	0	0	0	0	0	0	0	0	// Dark Master Gloves
33	425	425	1	508	3000	0	4250	0	0	0	0	0	0	0	0	0	4250	0	0	0	0	0	0	0	0	0	// Dragon Knight Gloves
33	426	426	1	508	3000	0	4260	0	0	0	0	0	0	0	0	0	4260	0	0	0	0	0	0	0	0	0	// Venom Mist Gloves
33	427	427	1	508	3000	0	4270	0	0	0	0	0	0	0	0	0	4270	0	0	0	0	0	0	0	0	0	// Sylphid Ray Gloves
33	428	428	1	508	3000	0	4280	0	0	0	0	0	0	0	0	0	4280	0	0	0	0	0	0	0	0	0	// Volcano Gloves
33	429	429	1	508	3000	0	4290	0	0	0	0	0	0	0	0	0	4290	0	0	0	0	0	0	0	0	0	// Sunlight Gloves
33	430	430	1	508	3000	0	4300	0	0	0	0	0	0	0	0	0	4300	0	0	0	0	0	0	0	0	0	// Ashcrow Gloves
33	431	431	1	508	3000	0	4310	0	0	0	0	0	0	0	0	0	4310	0	0	0	0	0	0	0	0	0	// Eclipse Gloves
33	432	432	1	508	3000	0	4320	0	0	0	0	0	0	0	0	0	4320	0	0	0	0	0	0	0	0	0	// Iris Gloves
33	433	433	1	508	3000	0	4330	0	0	0	0	0	0	0	0	0	4330	0	0	0	0	0	0	0	0	0	// Valiant Gloves
33	434	434	1	508	3000	0	4340	0	0	0	0	0	0	0	0	0	4340	0	0	0	0	0	0	0	0	0	// Glorious Gloves
33	435	435	1	508	3000	0	4350	0	0	0	0	0	0	0	0	0	4350	0	0	0	0	0	0	0	0	0	// Violent Wind Gloves
33	436	436	1	508	3000	0	4360	0	0	0	0	0	0	0	0	0	4360	0	0	0	0	0	0	0	0	0	// Red Wing Gloves
33	437	437	1	508	3000	0	4370	0	0	0	0	0	0	0	0	0	4370	0	0	0	0	0	0	0	0	0	// Ancient Gloves
33	438	438	1	508	3000	0	4380	0	0	0	0	0	0	0	0	0	4380	0	0	0	0	0	0	0	0	0	// Demonic Gloves
33	439	439	1	508	3000	0	4390	0	0	0	0	0	0	0	0	0	4390	0	0	0	0	0	0	0	0	0	// Storm Blitz Gloves
33	440	440	1	508	4000	0	4400	0	0	0	0	0	0	0	0	0	4400	0	0	0	0	0	0	0	0	0	// Titan  Gloves
33	441	441	1	508	4000	0	4410	0	0	0	0	0	0	0	0	0	4410	0	0	0	0	0	0	0	0	0	// Brave Gloves
33	442	442	1	508	4000	0	4420	0	0	0	0	0	0	0	0	0	4420	0	0	0	0	0	0	0	0	0	// Phantom  Gloves
33	443	443	1	508	4000	0	4430	0	0	0	0	0	0	0	0	0	4430	0	0	0	0	0	0	0	0	0	// Destroy Gloves
33	444	444	1	508	4000	0	4440	0	0	0	0	0	0	0	0	0	4440	0	0	0	0	0	0	0	0	0	// Seraphim Gloves
33	445	445	1	508	4000	0	4450	0	0	0	0	0	0	0	0	0	4450	0	0	0	0	0	0	0	0	0	// Divine Gloves
33	446	446	1	508	4000	0	4460	0	0	0	0	0	0	0	0	0	4460	0	0	0	0	0	0	0	0	0	// Royal Gloves
33	447	447	1	508	4000	0	4470	0	0	0	0	0	0	0	0	0	4470	0	0	0	0	0	0	0	0	0	// Hades Gloves
34	209	209	1	508	2000	0	2090	0	0	0	0	0	0	0	0	0	2090	0	0	0	0	0	0	0	0	0	// Mace
34	210	210	1	508	3000	0	2100	0	0	0	0	0	0	0	0	0	2100	0	0	0	0	0	0	0	0	0	// Morning Star
34	211	211	1	508	2000	0	2110	0	0	0	0	0	0	0	0	0	2110	0	0	0	0	0	0	0	0	0	// Flail
34	212	212	1	508	2000	0	2120	0	0	0	0	0	0	0	0	0	2120	0	0	0	0	0	0	0	0	0	// Great Hammer
34	213	213	1	508	2000	0	2130	0	0	0	0	0	0	0	0	0	2130	0	0	0	0	0	0	0	0	0	// Crystal Morning Star
34	214	214	1	508	2000	0	2140	0	0	0	0	0	0	0	0	0	2140	0	0	0	0	0	0	0	0	0	// Crystal Sword
34	215	215	1	508	2000	0	2150	0	0	0	0	0	0	0	0	0	2150	0	0	0	0	0	0	0	0	0	// Chaos Dragon Axe
34	216	216	1	508	2000	0	2160	0	0	0	0	0	0	0	0	0	2160	0	0	0	0	0	0	0	0	0	// Elemental Mace
34	217	217	1	508	2000	0	2170	0	0	0	0	0	0	0	0	0	2170	0	0	0	0	0	0	0	0	0	// Battle Scepter
34	218	218	1	508	2000	0	2180	0	0	0	0	0	0	0	0	0	2180	0	0	0	0	0	0	0	0	0	// Master Scepter
34	219	219	1	508	2000	0	2190	0	0	0	0	0	0	0	0	0	2190	0	0	0	0	0	0	0	0	0	// Great Scepter
34	220	220	1	508	2000	0	2200	0	0	0	0	0	0	0	0	0	2200	0	0	0	0	0	0	0	0	0	// Lord Scepter
34	221	221	1	508	2000	0	2210	0	0	0	0	0	0	0	0	0	2210	0	0	0	0	0	0	0	0	0	// Great Lord Scepter
34	222	222	1	508	2000	0	2220	0	0	0	0	0	0	0	0	0	2220	0	0	0	0	0	0	0	0	0	// Divine Scepter of Archangel
34	223	223	1	508	2000	0	2230	0	0	0	0	0	0	0	0	0	2230	0	0	0	0	0	0	0	0	0	// Soleil Sceptor
34	224	224	1	508	2000	0	2240	0	0	0	0	0	0	0	0	0	2240	0	0	0	0	0	0	0	0	0	// Shining Scepter
34	225	225	1	508	2000	0	2250	0	0	0	0	0	0	0	0	0	2250	0	0	0	0	0	0	0	0	0	// Frost Mace
34	226	226	1	508	4000	0	2260	0	0	0	0	0	0	0	0	0	2260	0	0	0	0	0	0	0	0	0	// Absolute Scepter
34	227	227	1	508	4000	0	2270	0	0	0	0	0	0	0	0	0	2270	0	0	0	0	0	0	0	0	0	// Striker Scepter
35	236	236	1	508	2000	0	2360	0	0	0	0	0	0	0	0	0	2360	0	0	0	0	0	0	0	0	0	// Bronze Armor
35	237	237	1	508	2000	0	2370	0	0	0	0	0	0	0	0	0	2370	0	0	0	0	0	0	0	0	0	// Dragon Armor
35	238	238	1	508	2000	0	2380	0	0	0	0	0	0	0	0	0	2380	0	0	0	0	0	0	0	0	0	// Pad Armor
35	239	239	1	508	2000	0	2390	0	0	0	0	0	0	0	0	0	2390	0	0	0	0	0	0	0	0	0	// Legendary Armor
35	240	240	1	508	2000	0	2400	0	0	0	0	0	0	0	0	0	2400	0	0	0	0	0	0	0	0	0	// Bone Armor
35	241	241	1	508	2000	0	2410	0	0	0	0	0	0	0	0	0	2410	0	0	0	0	0	0	0	0	0	// Leather Armor
35	242	242	1	508	2000	0	2420	0	0	0	0	0	0	0	0	0	2420	0	0	0	0	0	0	0	0	0	// Scale Armor
35	243	243	1	508	2000	0	2430	0	0	0	0	0	0	0	0	0	2430	0	0	0	0	0	0	0	0	0	// Sphinx Armor
35	244	244	1	508	2000	0	2440	0	0	0	0	0	0	0	0	0	2440	0	0	0	0	0	0	0	0	0	// Brass Armor
35	245	245	1	508	2000	0	2450	0	0	0	0	0	0	0	0	0	2450	0	0	0	0	0	0	0	0	0	// Plate Armor
35	246	246	1	508	2000	0	2460	0	0	0	0	0	0	0	0	0	2460	0	0	0	0	0	0	0	0	0	// Vine Armor
35	247	247	1	508	2000	0	2470	0	0	0	0	0	0	0	0	0	2470	0	0	0	0	0	0	0	0	0	// Silk Armor
35	248	248	1	508	2000	0	2480	0	0	0	0	0	0	0	0	0	2480	0	0	0	0	0	0	0	0	0	// Wind Armor
35	249	249	1	508	2000	0	2490	0	0	0	0	0	0	0	0	0	2490	0	0	0	0	0	0	0	0	0	// Spirit Armor
35	250	250	1	508	2000	0	2500	0	0	0	0	0	0	0	0	0	2500	0	0	0	0	0	0	0	0	0	// Guardian Armor
35	251	251	1	508	2000	0	2510	0	0	0	0	0	0	0	0	0	2510	0	0	0	0	0	0	0	0	0	// Storm Crow Armor
35	252	252	1	508	2000	0	2520	0	0	0	0	0	0	0	0	0	2520	0	0	0	0	0	0	0	0	0	// Black Dragon Armor
35	253	253	1	508	2000	0	2530	0	0	0	0	0	0	0	0	0	2530	0	0	0	0	0	0	0	0	0	// Dark Phoenix Armor
35	254	254	1	508	2000	0	2540	0	0	0	0	0	0	0	0	0	2540	0	0	0	0	0	0	0	0	0	// Grand Soul Armor
35	255	255	1	508	2000	0	2550	0	0	0	0	0	0	0	0	0	2550	0	0	0	0	0	0	0	0	0	// Divine Armor
35	256	256	1	508	2000	0	2560	0	0	0	0	0	0	0	0	0	2560	0	0	0	0	0	0	0	0	0	// Thunder Hawk Armor
35	257	257	1	508	2000	0	2570	0	0	0	0	0	0	0	0	0	2570	0	0	0	0	0	0	0	0	0	// Great Dragon Armor
35	258	258	1	508	2000	0	2580	0	0	0	0	0	0	0	0	0	2580	0	0	0	0	0	0	0	0	0	// Dark Soul Armor
35	259	259	1	508	2000	0	2590	0	0	0	0	0	0	0	0	0	2590	0	0	0	0	0	0	0	0	0	// Hurricane Armor
35	260	260	1	508	2000	0	2600	0	0	0	0	0	0	0	0	0	2600	0	0	0	0	0	0	0	0	0	// Red Sprit Armor
35	261	261	1	508	2000	0	2610	0	0	0	0	0	0	0	0	0	2610	0	0	0	0	0	0	0	0	0	// Light Plate Armor
35	290	290	1	508	2000	0	2900	0	0	0	0	0	0	0	0	0	2900	0	0	0	0	0	0	0	0	0	// Adamantine Armor
35	291	291	1	508	2000	0	2910	0	0	0	0	0	0	0	0	0	2910	0	0	0	0	0	0	0	0	0	// Dark Steel Armor
35	292	292	1	508	2000	0	2920	0	0	0	0	0	0	0	0	0	2920	0	0	0	0	0	0	0	0	0	// Dark Master Armor
35	293	293	1	508	3000	0	2930	0	0	0	0	0	0	0	0	0	2930	0	0	0	0	0	0	0	0	0	// Dragon Knight Armor
35	294	294	1	508	3000	0	2940	0	0	0	0	0	0	0	0	0	2940	0	0	0	0	0	0	0	0	0	// Venom Mist Armor
35	295	295	1	508	3000	0	2950	0	0	0	0	0	0	0	0	0	2950	0	0	0	0	0	0	0	0	0	// Sylphid Ray Armor
35	296	296	1	508	3000	0	2960	0	0	0	0	0	0	0	0	0	2960	0	0	0	0	0	0	0	0	0	// Volcano Armor
35	297	297	1	508	3000	0	2970	0	0	0	0	0	0	0	0	0	2970	0	0	0	0	0	0	0	0	0	// Sunlight Armor
35	298	298	1	508	3000	0	2980	0	0	0	0	0	0	0	0	0	2980	0	0	0	0	0	0	0	0	0	// Ashcrow Armor
35	299	299	1	508	3000	0	2990	0	0	0	0	0	0	0	0	0	2990	0	0	0	0	0	0	0	0	0	// Eclipse Armor
35	300	300	1	508	3000	0	3000	0	0	0	0	0	0	0	0	0	3000	0	0	0	0	0	0	0	0	0	// Iris Armor
35	301	301	1	508	3000	0	3010	0	0	0	0	0	0	0	0	0	3010	0	0	0	0	0	0	0	0	0	// Valiant Armor
35	302	302	1	508	3000	0	3020	0	0	0	0	0	0	0	0	0	3020	0	0	0	0	0	0	0	0	0	// Glorious Armor
35	303	303	1	508	3000	0	3030	0	0	0	0	0	0	0	0	0	3030	0	0	0	0	0	0	0	0	0	// Violent Wind Armor
35	304	304	1	508	3000	0	3040	0	0	0	0	0	0	0	0	0	3040	0	0	0	0	0	0	0	0	0	// Red Wing Armor
35	305	305	1	508	3000	0	3050	0	0	0	0	0	0	0	0	0	3050	0	0	0	0	0	0	0	0	0	// Ancient Armor
35	306	306	1	508	3000	0	3060	0	0	0	0	0	0	0	0	0	3060	0	0	0	0	0	0	0	0	0	// Demonic Armor
35	307	307	1	508	3000	0	3070	0	0	0	0	0	0	0	0	0	3070	0	0	0	0	0	0	0	0	0	// Storm Blitz Armor
35	308	308	1	508	4000	0	3080	0	0	0	0	0	0	0	0	0	3080	0	0	0	0	0	0	0	0	0	// Titan Armor
35	309	309	1	508	4000	0	3090	0	0	0	0	0	0	0	0	0	3090	0	0	0	0	0	0	0	0	0	// Brave Armor
35	310	310	1	508	4000	0	3100	0	0	0	0	0	0	0	0	0	3100	0	0	0	0	0	0	0	0	0	// Phantom Armor
35	311	311	1	508	4000	0	3110	0	0	0	0	0	0	0	0	0	3110	0	0	0	0	0	0	0	0	0	// Destroy Armor
35	312	312	1	508	4000	0	3120	0	0	0	0	0	0	0	0	0	3120	0	0	0	0	0	0	0	0	0	// Seraphim Armor
35	313	313	1	508	4000	0	3130	0	0	0	0	0	0	0	0	0	3130	0	0	0	0	0	0	0	0	0	// Divine Armor
35	314	314	1	508	4000	0	3140	0	0	0	0	0	0	0	0	0	3140	0	0	0	0	0	0	0	0	0	// Royal Armor
35	315	315	1	508	4000	0	3150	0	0	0	0	0	0	0	0	0	3150	0	0	0	0	0	0	0	0	0	// Hades Armor
35	316	316	1	508	4000	0	3160	0	0	0	0	0	0	0	0	0	3160	0	0	0	0	0	0	0	0	0	// Sacred Armor
35	317	317	1	508	4000	0	3170	0	0	0	0	0	0	0	0	0	3170	0	0	0	0	0	0	0	0	0	// Storm Hard Armor
35	318	318	1	508	4000	0	3180	0	0	0	0	0	0	0	0	0	3180	0	0	0	0	0	0	0	0	0	// Piercing Armor
35	319	319	1	508	4000	0	3190	0	0	0	0	0	0	0	0	0	3190	0	0	0	0	0	0	0	0	0	// Phoenix Soul Armor
36	320	320	1	508	2000	0	3200	0	0	0	0	0	0	0	0	0	3200	0	0	0	0	0	0	0	0	0	// Bronze Pants
36	341	341	1	508	2000	0	3410	0	0	0	0	0	0	0	0	0	3410	0	0	0	0	0	0	0	0	0	// Dragon Pants
36	342	342	1	508	2000	0	3420	0	0	0	0	0	0	0	0	0	3420	0	0	0	0	0	0	0	0	0	// Pad Pants
36	343	343	1	508	2000	0	3430	0	0	0	0	0	0	0	0	0	3430	0	0	0	0	0	0	0	0	0	// Legendary Pants
36	344	344	1	508	2000	0	3440	0	0	0	0	0	0	0	0	0	3440	0	0	0	0	0	0	0	0	0	// Bone Pants
36	345	345	1	508	2000	0	3450	0	0	0	0	0	0	0	0	0	3450	0	0	0	0	0	0	0	0	0	// Leather Pants
36	346	346	1	508	2000	0	3460	0	0	0	0	0	0	0	0	0	3460	0	0	0	0	0	0	0	0	0	// Scale Pants
36	347	347	1	508	2000	0	3470	0	0	0	0	0	0	0	0	0	3470	0	0	0	0	0	0	0	0	0	// Sphinx Pants
36	348	348	1	508	2000	0	3480	0	0	0	0	0	0	0	0	0	3480	0	0	0	0	0	0	0	0	0	// Brass Pants
36	349	349	1	508	2000	0	3490	0	0	0	0	0	0	0	0	0	3490	0	0	0	0	0	0	0	0	0	// Plate Pants
36	350	350	1	508	2000	0	3500	0	0	0	0	0	0	0	0	0	3500	0	0	0	0	0	0	0	0	0	// Vine Pants
36	351	351	1	508	2000	0	3510	0	0	0	0	0	0	0	0	0	3510	0	0	0	0	0	0	0	0	0	// Silk Pants
36	352	352	1	508	2000	0	3520	0	0	0	0	0	0	0	0	0	3520	0	0	0	0	0	0	0	0	0	// Wind Pants
36	353	353	1	508	2000	0	3530	0	0	0	0	0	0	0	0	0	3530	0	0	0	0	0	0	0	0	0	// Spirit Pants
36	354	354	1	508	2000	0	3540	0	0	0	0	0	0	0	0	0	3540	0	0	0	0	0	0	0	0	0	// Guardian Pants
36	355	355	1	508	2000	0	3550	0	0	0	0	0	0	0	0	0	3550	0	0	0	0	0	0	0	0	0	// Storm Crow Pants
36	356	356	1	508	2000	0	3560	0	0	0	0	0	0	0	0	0	3560	0	0	0	0	0	0	0	0	0	// Black Dragon Pants
36	357	357	1	508	2000	0	3570	0	0	0	0	0	0	0	0	0	3570	0	0	0	0	0	0	0	0	0	// Dark Phoenix Pants
36	358	358	1	508	2000	0	3580	0	0	0	0	0	0	0	0	0	3580	0	0	0	0	0	0	0	0	0	// Grand Soul Pants
36	359	359	1	508	2000	0	3590	0	0	0	0	0	0	0	0	0	3590	0	0	0	0	0	0	0	0	0	// Divine Pants
36	360	360	1	508	2000	0	3600	0	0	0	0	0	0	0	0	0	3600	0	0	0	0	0	0	0	0	0	// Thunder Hawk Pants
36	361	361	1	508	2000	0	3610	0	0	0	0	0	0	0	0	0	3610	0	0	0	0	0	0	0	0	0	// Great Dragon Pants
36	362	362	1	508	2000	0	3620	0	0	0	0	0	0	0	0	0	3620	0	0	0	0	0	0	0	0	0	// Dark Soul Pants
36	363	363	1	508	2000	0	3630	0	0	0	0	0	0	0	0	0	3630	0	0	0	0	0	0	0	0	0	// Hurricane Pants
36	364	364	1	508	2000	0	3640	0	0	0	0	0	0	0	0	0	3640	0	0	0	0	0	0	0	0	0	// Red Spirit Pants
36	365	365	1	508	2000	0	3650	0	0	0	0	0	0	0	0	0	3650	0	0	0	0	0	0	0	0	0	// Light Plate Pants
36	366	366	1	508	2000	0	3660	0	0	0	0	0	0	0	0	0	3660	0	0	0	0	0	0	0	0	0	// Adamantine Pants
36	367	367	1	508	2000	0	3670	0	0	0	0	0	0	0	0	0	3670	0	0	0	0	0	0	0	0	0	// Dark Steel Pants
36	368	368	1	508	2000	0	3680	0	0	0	0	0	0	0	0	0	3680	0	0	0	0	0	0	0	0	0	// Dark Master Pants
36	369	369	1	508	3000	0	3690	0	0	0	0	0	0	0	0	0	3690	0	0	0	0	0	0	0	0	0	// Dragon Knight Pants
36	370	370	1	508	3000	0	3700	0	0	0	0	0	0	0	0	0	3700	0	0	0	0	0	0	0	0	0	// Venom Mist Pants
36	371	371	1	508	3000	0	3710	0	0	0	0	0	0	0	0	0	3710	0	0	0	0	0	0	0	0	0	// Sylphid Ray Pants
36	372	372	1	508	3000	0	3720	0	0	0	0	0	0	0	0	0	3720	0	0	0	0	0	0	0	0	0	// Volcano Pants
36	373	373	1	508	3000	0	3730	0	0	0	0	0	0	0	0	0	3730	0	0	0	0	0	0	0	0	0	// Sunlight Pants
36	374	374	1	508	3000	0	3740	0	0	0	0	0	0	0	0	0	3740	0	0	0	0	0	0	0	0	0	// Ashcrow Pants
36	375	375	1	508	3000	0	3750	0	0	0	0	0	0	0	0	0	3750	0	0	0	0	0	0	0	0	0	// Eclipse Pants
36	376	376	1	508	3000	0	3760	0	0	0	0	0	0	0	0	0	3760	0	0	0	0	0	0	0	0	0	// Iris Pants
36	377	377	1	508	3000	0	3770	0	0	0	0	0	0	0	0	0	3770	0	0	0	0	0	0	0	0	0	// Valiant Pants
36	378	378	1	508	3000	0	3780	0	0	0	0	0	0	0	0	0	3780	0	0	0	0	0	0	0	0	0	// Glorious Pants
36	379	379	1	508	3000	0	3790	0	0	0	0	0	0	0	0	0	3790	0	0	0	0	0	0	0	0	0	// Violent Wind Pants
36	380	380	1	508	3000	0	3800	0	0	0	0	0	0	0	0	0	3800	0	0	0	0	0	0	0	0	0	// Red Wing Pants
36	381	381	1	508	3000	0	3810	0	0	0	0	0	0	0	0	0	3810	0	0	0	0	0	0	0	0	0	// Ancient Pants
36	382	382	1	508	3000	0	3820	0	0	0	0	0	0	0	0	0	3820	0	0	0	0	0	0	0	0	0	// Demonic Pants
36	383	383	1	508	3000	0	3830	0	0	0	0	0	0	0	0	0	3830	0	0	0	0	0	0	0	0	0	// Storm Blitz Pants
36	384	384	1	508	4000	0	3840	0	0	0	0	0	0	0	0	0	3840	0	0	0	0	0	0	0	0	0	// Titan  Pants
36	385	385	1	508	4000	0	3850	0	0	0	0	0	0	0	0	0	3850	0	0	0	0	0	0	0	0	0	// Brave Pants
36	386	386	1	508	4000	0	3860	0	0	0	0	0	0	0	0	0	3860	0	0	0	0	0	0	0	0	0	// Phantom  Pants
36	387	387	1	508	4000	0	3870	0	0	0	0	0	0	0	0	0	3870	0	0	0	0	0	0	0	0	0	// Destroy Pants
36	388	388	1	508	4000	0	3880	0	0	0	0	0	0	0	0	0	3880	0	0	0	0	0	0	0	0	0	// Seraphim Pants
36	389	389	1	508	4000	0	3890	0	0	0	0	0	0	0	0	0	3890	0	0	0	0	0	0	0	0	0	// Divine Pants
36	390	390	1	508	4000	0	3900	0	0	0	0	0	0	0	0	0	3900	0	0	0	0	0	0	0	0	0	// Royal Pants
36	391	391	1	508	4000	0	3910	0	0	0	0	0	0	0	0	0	3910	0	0	0	0	0	0	0	0	0	// Hades Pants
36	392	392	1	508	4000	0	3920	0	0	0	0	0	0	0	0	0	3920	0	0	0	0	0	0	0	0	0	// Sacred Pants
36	393	393	1	508	4000	0	3930	0	0	0	0	0	0	0	0	0	3930	0	0	0	0	0	0	0	0	0	// Storm Hard Pants
36	394	394	1	508	4000	0	3940	0	0	0	0	0	0	0	0	0	3940	0	0	0	0	0	0	0	0	0	// Piercing Pants
36	395	395	1	508	4000	0	3950	0	0	0	0	0	0	0	0	0	3950	0	0	0	0	0	0	0	0	0	// Phoenix Soul Pants
37	146	146	1	508	2000	0	1460	0	0	0	0	0	0	0	0	0	1460	0	0	0	0	0	0	0	0	0	// Battle Bow
37	147	147	1	508	2000	0	1470	0	0	0	0	0	0	0	0	0	1470	0	0	0	0	0	0	0	0	0	// Tiger Bow
37	148	148	1	508	2000	0	1480	0	0	0	0	0	0	0	0	0	1480	0	0	0	0	0	0	0	0	0	// Silver Bow
37	149	149	1	508	2000	0	1490	0	0	0	0	0	0	0	0	0	1490	0	0	0	0	0	0	0	0	0	// Chaos Nature Bow
37	150	150	1	508	2000	0	1500	0	0	0	0	0	0	0	0	0	1500	0	0	0	0	0	0	0	0	0	// Crossbow
37	151	151	1	508	2000	0	1510	0	0	0	0	0	0	0	0	0	1510	0	0	0	0	0	0	0	0	0	// Golden Crossbow
37	152	152	1	508	2000	0	1520	0	0	0	0	0	0	0	0	0	1520	0	0	0	0	0	0	0	0	0	// Arquebus
37	153	153	1	508	2000	0	1530	0	0	0	0	0	0	0	0	0	1530	0	0	0	0	0	0	0	0	0	// Light Crossbow
37	154	154	1	508	2000	0	1540	0	0	0	0	0	0	0	0	0	1540	0	0	0	0	0	0	0	0	0	// Serpent Crossbow
37	155	155	1	508	2000	0	1550	0	0	0	0	0	0	0	0	0	1550	0	0	0	0	0	0	0	0	0	// Bluewing Crossbow
37	156	156	1	508	2000	0	1560	0	0	0	0	0	0	0	0	0	1560	0	0	0	0	0	0	0	0	0	// Aquagold Crossbow
37	157	157	1	508	2000	0	1570	0	0	0	0	0	0	0	0	0	1570	0	0	0	0	0	0	0	0	0	// Saint Crossbow
37	158	158	1	508	2000	0	1580	0	0	0	0	0	0	0	0	0	1580	0	0	0	0	0	0	0	0	0	// Celestial Bow
37	159	159	1	508	2000	0	1590	0	0	0	0	0	0	0	0	0	1590	0	0	0	0	0	0	0	0	0	// Divine Crossbow of Archangel
37	160	160	1	508	2000	0	1600	0	0	0	0	0	0	0	0	0	1600	0	0	0	0	0	0	0	0	0	// Great Reign Crossbow
37	161	161	1	508	2000	0	1610	0	0	0	0	0	0	0	0	0	1610	0	0	0	0	0	0	0	0	0	// Arrow Viper Bow
37	162	162	1	508	3000	0	1620	0	0	0	0	0	0	0	0	0	1620	0	0	0	0	0	0	0	0	0	// Sylph Wind Bow
37	165	165	1	508	3000	0	1650	0	0	0	0	0	0	0	0	0	1650	0	0	0	0	0	0	0	0	0	// Albatross Bow
37	166	166	1	508	4000	0	1660	0	0	0	0	0	0	0	0	0	1660	0	0	0	0	0	0	0	0	0	// Dark Stinger
37	167	167	1	508	4000	0	1670	0	0	0	0	0	0	0	0	0	1670	0	0	0	0	0	0	0	0	0	// Aileen Bow
37	262	262	1	508	2000	0	2620	0	0	0	0	0	0	0	0	0	2620	0	0	0	0	0	0	0	0	0	// Skull Staff
37	263	263	1	508	2000	0	2630	0	0	0	0	0	0	0	0	0	2630	0	0	0	0	0	0	0	0	0	// Angelic Staff
37	264	264	1	508	2000	0	2640	0	0	0	0	0	0	0	0	0	2640	0	0	0	0	0	0	0	0	0	// Serpent Staff
37	265	265	1	508	2000	0	2650	0	0	0	0	0	0	0	0	0	2650	0	0	0	0	0	0	0	0	0	// Thunder Staff
37	266	266	1	508	2000	0	2660	0	0	0	0	0	0	0	0	0	2660	0	0	0	0	0	0	0	0	0	// Gorgon Staff
37	267	267	1	508	2000	0	2670	0	0	0	0	0	0	0	0	0	2670	0	0	0	0	0	0	0	0	0	// Legendary Staff
37	268	268	1	508	2000	0	2680	0	0	0	0	0	0	0	0	0	2680	0	0	0	0	0	0	0	0	0	// Staff of Resurrection
37	269	269	1	508	2000	0	2690	0	0	0	0	0	0	0	0	0	2690	0	0	0	0	0	0	0	0	0	// Chaos Lighting Staff
37	270	270	1	508	2000	0	2700	0	0	0	0	0	0	0	0	0	2700	0	0	0	0	0	0	0	0	0	// Staff of Destruction
37	271	271	1	508	2000	0	2710	0	0	0	0	0	0	0	0	0	2710	0	0	0	0	0	0	0	0	0	// Dragon Soul Staff
37	272	272	1	508	3000	0	2720	0	0	0	0	0	0	0	0	0	2720	0	0	0	0	0	0	0	0	0	// Divine Staff of Archangel
37	273	273	1	508	2000	0	2730	0	0	0	0	0	0	0	0	0	2730	0	0	0	0	0	0	0	0	0	// Staff of Kundun
37	274	274	1	508	3000	0	2740	0	0	0	0	0	0	0	0	0	2740	0	0	0	0	0	0	0	0	0	// Grand Viper Staff
37	275	275	1	508	3000	0	2750	0	0	0	0	0	0	0	0	0	2750	0	0	0	0	0	0	0	0	0	// Platina Staff
37	276	276	1	508	2000	0	2760	0	0	0	0	0	0	0	0	0	2760	0	0	0	0	0	0	0	0	0	// Mystery Stick
37	277	277	1	508	2000	0	2770	0	0	0	0	0	0	0	0	0	2770	0	0	0	0	0	0	0	0	0	// Violent Wind Stick
37	278	278	1	508	2000	0	2780	0	0	0	0	0	0	0	0	0	2780	0	0	0	0	0	0	0	0	0	// Red Wing Stick
37	279	279	1	508	2000	0	2790	0	0	0	0	0	0	0	0	0	2790	0	0	0	0	0	0	0	0	0	// Ancient Stick
37	280	280	1	508	2000	0	2800	0	0	0	0	0	0	0	0	0	2800	0	0	0	0	0	0	0	0	0	// Demonic Stick
37	281	281	1	508	2000	0	2810	0	0	0	0	0	0	0	0	0	2810	0	0	0	0	0	0	0	0	0	// Storm Blitz Stick
37	282	282	1	508	2000	0	2820	0	0	0	0	0	0	0	0	0	2820	0	0	0	0	0	0	0	0	0	// Book of Samut
37	283	283	1	508	2000	0	2830	0	0	0	0	0	0	0	0	0	2830	0	0	0	0	0	0	0	0	0	// Book of Neil
37	284	284	1	508	2000	0	2840	0	0	0	0	0	0	0	0	0	2840	0	0	0	0	0	0	0	0	0	// Book of Lagle
37	285	285	1	508	4000	0	2850	0	0	0	0	0	0	0	0	0	2850	0	0	0	0	0	0	0	0	0	// Deadly Staff
37	286	286	1	508	4000	0	2860	0	0	0	0	0	0	0	0	0	2860	0	0	0	0	0	0	0	0	0	// Inberial Staff
37	287	287	1	508	3000	0	2870	0	0	0	0	0	0	0	0	0	2870	0	0	0	0	0	0	0	0	0	// Chromatic Staff
37	288	288	1	508	4000	0	2880	0	0	0	0	0	0	0	0	0	2880	0	0	0	0	0	0	0	0	0	// Raven Stick
37	289	289	1	508	4000	0	2890	0	0	0	0	0	0	0	0	0	2890	0	0	0	0	0	0	0	0	0	// Divine Stick of Archangel
38	448	448	1	508	2000	0	4480	0	0	0	0	0	0	0	0	0	4480	0	0	0	0	0	0	0	0	0	// Bronze Boots
38	449	449	1	508	2000	0	4490	0	0	0	0	0	0	0	0	0	4490	0	0	0	0	0	0	0	0	0	// Dragon Boots
38	450	450	1	508	2000	0	4500	0	0	0	0	0	0	0	0	0	4500	0	0	0	0	0	0	0	0	0	// Pad Boots
38	451	451	1	508	2000	0	4510	0	0	0	0	0	0	0	0	0	4510	0	0	0	0	0	0	0	0	0	// Legendary Boots
38	452	452	1	508	2000	0	4520	0	0	0	0	0	0	0	0	0	4520	0	0	0	0	0	0	0	0	0	// Bone Boots
38	453	453	1	508	2000	0	4530	0	0	0	0	0	0	0	0	0	4530	0	0	0	0	0	0	0	0	0	// Leather Boots
38	454	454	1	508	2000	0	4540	0	0	0	0	0	0	0	0	0	4540	0	0	0	0	0	0	0	0	0	// Scale Boots
38	455	455	1	508	2000	0	4550	0	0	0	0	0	0	0	0	0	4550	0	0	0	0	0	0	0	0	0	// Sphinx Boots
38	456	456	1	508	2000	0	4560	0	0	0	0	0	0	0	0	0	4560	0	0	0	0	0	0	0	0	0	// Brass Boots
38	457	457	1	508	2000	0	4570	0	0	0	0	0	0	0	0	0	4570	0	0	0	0	0	0	0	0	0	// Plate Boots
38	458	458	1	508	2000	0	4580	0	0	0	0	0	0	0	0	0	4580	0	0	0	0	0	0	0	0	0	// Vine Boots
38	459	459	1	508	2000	0	4590	0	0	0	0	0	0	0	0	0	4590	0	0	0	0	0	0	0	0	0	// Silk Boots
38	460	460	1	508	2000	0	4600	0	0	0	0	0	0	0	0	0	4600	0	0	0	0	0	0	0	0	0	// Wind Boots
38	461	461	1	508	2000	0	4610	0	0	0	0	0	0	0	0	0	4610	0	0	0	0	0	0	0	0	0	// Spirit Boots
38	462	462	1	508	2000	0	4620	0	0	0	0	0	0	0	0	0	4620	0	0	0	0	0	0	0	0	0	// Guardian Boots
38	463	463	1	508	2000	0	4630	0	0	0	0	0	0	0	0	0	4630	0	0	0	0	0	0	0	0	0	// Storm Crow Boots
38	464	464	1	508	2000	0	4640	0	0	0	0	0	0	0	0	0	4640	0	0	0	0	0	0	0	0	0	// Black Dragon Boots
38	465	465	1	508	2000	0	4650	0	0	0	0	0	0	0	0	0	4650	0	0	0	0	0	0	0	0	0	// Dark Phoenix Boots
38	466	466	1	508	2000	0	4660	0	0	0	0	0	0	0	0	0	4660	0	0	0	0	0	0	0	0	0	// Grand Soul Boots
38	467	467	1	508	2000	0	4670	0	0	0	0	0	0	0	0	0	4670	0	0	0	0	0	0	0	0	0	// Divine Boots
38	468	468	1	508	2000	0	4680	0	0	0	0	0	0	0	0	0	4680	0	0	0	0	0	0	0	0	0	// Thunder Hawk Boots
38	469	469	1	508	2000	0	4690	0	0	0	0	0	0	0	0	0	4690	0	0	0	0	0	0	0	0	0	// Great Dragon Boots
38	470	470	1	508	2000	0	4700	0	0	0	0	0	0	0	0	0	4700	0	0	0	0	0	0	0	0	0	// Dark Soul Boots
38	471	471	1	508	2000	0	4710	0	0	0	0	0	0	0	0	0	4710	0	0	0	0	0	0	0	0	0	// Hurricane Boots
38	472	472	1	508	2000	0	4720	0	0	0	0	0	0	0	0	0	4720	0	0	0	0	0	0	0	0	0	// Red Spirit Boots
38	473	473	1	508	2000	0	4730	0	0	0	0	0	0	0	0	0	4730	0	0	0	0	0	0	0	0	0	// Light Plate Boots
38	474	474	1	508	2000	0	4740	0	0	0	0	0	0	0	0	0	4740	0	0	0	0	0	0	0	0	0	// Adamantine Boots
38	475	475	1	508	2000	0	4750	0	0	0	0	0	0	0	0	0	4750	0	0	0	0	0	0	0	0	0	// Dark Steel Boots
38	476	476	1	508	2000	0	4760	0	0	0	0	0	0	0	0	0	4760	0	0	0	0	0	0	0	0	0	// Dark Master Boots
38	477	477	1	508	3000	0	4770	0	0	0	0	0	0	0	0	0	4770	0	0	0	0	0	0	0	0	0	// Dragon Knight Boots
38	478	478	1	508	3000	0	4780	0	0	0	0	0	0	0	0	0	4780	0	0	0	0	0	0	0	0	0	// Venom Mist Boots
38	479	479	1	508	3000	0	4790	0	0	0	0	0	0	0	0	0	4790	0	0	0	0	0	0	0	0	0	// Sylphid Ray Boots
38	480	480	1	508	3000	0	4800	0	0	0	0	0	0	0	0	0	4800	0	0	0	0	0	0	0	0	0	// Volcano Boots
38	481	481	1	508	3000	0	4810	0	0	0	0	0	0	0	0	0	4810	0	0	0	0	0	0	0	0	0	// Sunlight Boots
38	482	482	1	508	3000	0	4820	0	0	0	0	0	0	0	0	0	4820	0	0	0	0	0	0	0	0	0	// Ashcrow Boots
38	483	483	1	508	3000	0	4830	0	0	0	0	0	0	0	0	0	4830	0	0	0	0	0	0	0	0	0	// Eclipse Boots
38	484	484	1	508	3000	0	4840	0	0	0	0	0	0	0	0	0	4840	0	0	0	0	0	0	0	0	0	// Iris Boots
38	485	485	1	508	3000	0	4850	0	0	0	0	0	0	0	0	0	4850	0	0	0	0	0	0	0	0	0	// Valiant Boots
38	486	486	1	508	3000	0	4860	0	0	0	0	0	0	0	0	0	4860	0	0	0	0	0	0	0	0	0	// Glorious Boots
38	487	487	1	508	3000	0	4870	0	0	0	0	0	0	0	0	0	4870	0	0	0	0	0	0	0	0	0	// Violent Wind Boots
38	488	488	1	508	3000	0	4880	0	0	0	0	0	0	0	0	0	4880	0	0	0	0	0	0	0	0	0	// Red Wing Boots
38	489	489	1	508	3000	0	4890	0	0	0	0	0	0	0	0	0	4890	0	0	0	0	0	0	0	0	0	// Ancient Boots
38	490	490	1	508	3000	0	4900	0	0	0	0	0	0	0	0	0	4900	0	0	0	0	0	0	0	0	0	// Demonic Boots
38	491	491	1	508	3000	0	4910	0	0	0	0	0	0	0	0	0	4910	0	0	0	0	0	0	0	0	0	// Storm Blitz Boots
38	492	492	1	508	4000	0	4920	0	0	0	0	0	0	0	0	0	4920	0	0	0	0	0	0	0	0	0	// Titan Boots
38	493	493	1	508	4000	0	4930	0	0	0	0	0	0	0	0	0	4930	0	0	0	0	0	0	0	0	0	// Brave Boots
38	494	494	1	508	4000	0	4940	0	0	0	0	0	0	0	0	0	4940	0	0	0	0	0	0	0	0	0	// Phantom Boots
38	495	495	1	508	4000	0	4950	0	0	0	0	0	0	0	0	0	4950	0	0	0	0	0	0	0	0	0	// Destroy Boots
38	496	496	1	508	4000	0	4960	0	0	0	0	0	0	0	0	0	4960	0	0	0	0	0	0	0	0	0	// Seraphim Boots
38	497	497	1	508	4000	0	4970	0	0	0	0	0	0	0	0	0	4970	0	0	0	0	0	0	0	0	0	// Divine Boots
38	498	498	1	508	4000	0	4980	0	0	0	0	0	0	0	0	0	4980	0	0	0	0	0	0	0	0	0	// Royal Boots
38	499	499	1	508	4000	0	4990	0	0	0	0	0	0	0	0	0	4990	0	0	0	0	0	0	0	0	0	// Hades Boots
38	500	500	1	508	4000	0	5000	0	0	0	0	0	0	0	0	0	5000	0	0	0	0	0	0	0	0	0	// Sacred Boots
38	501	501	1	508	4000	0	5010	0	0	0	0	0	0	0	0	0	5010	0	0	0	0	0	0	0	0	0	// Storm Hard Boots
38	502	502	1	508	4000	0	5020	0	0	0	0	0	0	0	0	0	5020	0	0	0	0	0	0	0	0	0	// Piercing Boots
38	503	503	1	508	4000	0	5030	0	0	0	0	0	0	0	0	0	5030	0	0	0	0	0	0	0	0	0	// Phoenix Soul Boots
39	163	163	1	508	2000	0	1630	0	0	0	0	0	0	0	0	0	1630	0	0	0	0	0	0	0	0	0	// Small Shield
39	164	164	1	508	2000	0	1640	0	0	0	0	0	0	0	0	0	1640	0	0	0	0	0	0	0	0	0	// Horn Shield
39	321	321	1	508	2000	0	3210	0	0	0	0	0	0	0	0	0	3210	0	0	0	0	0	0	0	0	0	// Kite Shield
39	322	322	1	508	2000	0	3220	0	0	0	0	0	0	0	0	0	3220	0	0	0	0	0	0	0	0	0	// Elven Shield
39	323	323	1	508	2000	0	3230	0	0	0	0	0	0	0	0	0	3230	0	0	0	0	0	0	0	0	0	// Buckler
39	324	324	1	508	2000	0	3240	0	0	0	0	0	0	0	0	0	3240	0	0	0	0	0	0	0	0	0	// Dragon Slayer Shield
39	325	325	1	508	2000	0	3250	0	0	0	0	0	0	0	0	0	3250	0	0	0	0	0	0	0	0	0	// Skull Shield
39	326	326	1	508	2000	0	3260	0	0	0	0	0	0	0	0	0	3260	0	0	0	0	0	0	0	0	0	// Spiked Shield
39	327	327	1	508	2000	0	3270	0	0	0	0	0	0	0	0	0	3270	0	0	0	0	0	0	0	0	0	// Tower Shield
39	328	328	1	508	2000	0	3280	0	0	0	0	0	0	0	0	0	3280	0	0	0	0	0	0	0	0	0	// Plate Shield
39	329	329	1	508	2000	0	3290	0	0	0	0	0	0	0	0	0	3290	0	0	0	0	0	0	0	0	0	// Large Round Shield
39	330	330	1	508	2000	0	3300	0	0	0	0	0	0	0	0	0	3300	0	0	0	0	0	0	0	0	0	// Serpent Shield
39	331	331	1	508	2000	0	3310	0	0	0	0	0	0	0	0	0	3310	0	0	0	0	0	0	0	0	0	// Bronze Shield
39	332	332	1	508	2000	0	3320	0	0	0	0	0	0	0	0	0	3320	0	0	0	0	0	0	0	0	0	// Dragon Shield
39	333	333	1	508	2000	0	3330	0	0	0	0	0	0	0	0	0	3330	0	0	0	0	0	0	0	0	0	// Legendary Shield
39	334	334	1	508	2000	0	3340	0	0	0	0	0	0	0	0	0	3340	0	0	0	0	0	0	0	0	0	// Grand Soul Shield
39	335	335	1	508	2000	0	3350	0	0	0	0	0	0	0	0	0	3350	0	0	0	0	0	0	0	0	0	// Elemental Shield
39	336	336	1	508	4000	0	3360	0	0	0	0	0	0	0	0	0	3360	0	0	0	0	0	0	0	0	0	// Crimson Glory
39	337	337	1	508	4000	0	3370	0	0	0	0	0	0	0	0	0	3370	0	0	0	0	0	0	0	0	0	// Salamander Shield
39	338	338	1	508	4000	0	3380	0	0	0	0	0	0	0	0	0	3380	0	0	0	0	0	0	0	0	0	// Frost Barrier
39	339	339	1	508	4000	0	3390	0	0	0	0	0	0	0	0	0	3390	0	0	0	0	0	0	0	0	0	// Guardian Shield
39	340	340	1	508	4000	0	3400	0	0	0	0	0	0	0	0	0	3400	0	0	0	0	0	0	0	0	0	// Cross Shield
41	518	518	1	508	3000	0	5180	0	0	0	0	0	0	0	0	0	5180	0	0	0	0	0	0	0	0	0	// Wings of Spirits
41	519	519	1	508	3000	0	5190	0	0	0	0	0	0	0	0	0	5190	0	0	0	0	0	0	0	0	0	// Wings of Soul
41	520	520	1	508	3000	0	5200	0	0	0	0	0	0	0	0	0	5200	0	0	0	0	0	0	0	0	0	// Wings of Dragon
41	521	521	1	508	3000	0	5210	0	0	0	0	0	0	0	0	0	5210	0	0	0	0	0	0	0	0	0	// Wings of Darkness
41	522	522	1	508	3000	0	5220	0	0	0	0	0	0	0	0	0	5220	0	0	0	0	0	0	0	0	0	// Wind of Despair
41	523	523	1	508	3000	0	5230	0	0	0	0	0	0	0	0	0	5230	0	0	0	0	0	0	0	0	0	// Cloak of Warrior
41	524	524	1	508	3000	0	5240	0	0	0	0	0	0	0	0	0	5240	0	0	0	0	0	0	0	0	0	// Cape of Lord
41	525	525	1	508	4500	0	5250	0	0	0	0	0	0	0	0	0	5250	0	0	0	0	0	0	0	0	0	// Wing of Storm
41	526	526	1	508	4500	0	5260	0	0	0	0	0	0	0	0	0	5260	0	0	0	0	0	0	0	0	0	// Wing of Eternal
41	527	527	1	508	4500	0	5270	0	0	0	0	0	0	0	0	0	5270	0	0	0	0	0	0	0	0	0	// Wing of Illusion
41	528	528	1	508	4500	0	5280	0	0	0	0	0	0	0	0	0	5280	0	0	0	0	0	0	0	0	0	// Wing of Ruin
41	529	529	1	508	4500	0	5290	0	0	0	0	0	0	0	0	0	5290	0	0	0	0	0	0	0	0	0	// Wing of Dimension
41	530	530	1	508	4500	0	5300	0	0	0	0	0	0	0	0	0	5300	0	0	0	0	0	0	0	0	0	// Cape of Emperor
41	531	531	1	508	4500	0	5310	0	0	0	0	0	0	0	0	0	5310	0	0	0	0	0	0	0	0	0	// Lord of the Cape
42	532	532	1	508	6000	0	5320	0	0	0	0	0	0	0	0	0	5320	0	0	0	0	0	0	0	0	0	// Wings Of Dragon (Demonic)
42	533	533	1	508	6000	0	5330	0	0	0	0	0	0	0	0	0	5330	0	0	0	0	0	0	0	0	0	// Wings Of Soul (Demonic)
42	534	534	1	508	6000	0	5340	0	0	0	0	0	0	0	0	0	5340	0	0	0	0	0	0	0	0	0	// Wings Of Darkness (Demonic)
42	535	535	1	508	6000	0	5350	0	0	0	0	0	0	0	0	0	5350	0	0	0	0	0	0	0	0	0	// Wings Of Spirits (Demonic)
42	536	536	1	508	6000	0	5360	0	0	0	0	0	0	0	0	0	5360	0	0	0	0	0	0	0	0	0	// Wings Of Despair (Demonic)
42	537	537	1	508	6000	0	5370	0	0	0	0	0	0	0	0	0	5370	0	0	0	0	0	0	0	0	0	// Cape Of Lord (Demonic)
42	538	538	1	508	6000	0	5380	0	0	0	0	0	0	0	0	0	5380	0	0	0	0	0	0	0	0	0	// Cloak Of Warrior (Demonic)
42	539	539	1	508	7000	0	5390	0	0	0	0	0	0	0	0	0	5390	0	0	0	0	0	0	0	0	0	// Wings of Chaos
42	540	540	1	508	7000	0	5400	0	0	0	0	0	0	0	0	0	5400	0	0	0	0	0	0	0	0	0	// Wings of Magic
42	541	541	1	508	7000	0	5410	0	0	0	0	0	0	0	0	0	5410	0	0	0	0	0	0	0	0	0	// Wings of Life
42	542	542	1	508	7000	0	5420	0	0	0	0	0	0	0	0	0	5420	0	0	0	0	0	0	0	0	0	// Cloak of Death
42	543	543	1	508	7000	0	5430	0	0	0	0	0	0	0	0	0	5430	0	0	0	0	0	0	0	0	0	// Wings of Conqueror Blue
42	544	544	1	508	7000	0	5440	0	0	0	0	0	0	0	0	0	5440	0	0	0	0	0	0	0	0	0	// Wings of Angel and Devil
42	545	545	1	508	7000	0	5450	0	0	0	0	0	0	0	0	0	5450	0	0	0	0	0	0	0	0	0	// Heavenly Wings
42	546	546	1	508	7000	0	5460	0	0	0	0	0	0	0	0	0	5460	0	0	0	0	0	0	0	0	0	// Avatar Wings
42	547	547	1	508	7000	0	5470	0	0	0	0	0	0	0	0	0	5470	0	0	0	0	0	0	0	0	0	// Orb Wings
42	548	548	1	508	7000	0	5480	0	0	0	0	0	0	0	0	0	5480	0	0	0	0	0	0	0	0	0	// Fall Wings
42	549	549	1	508	7000	0	5490	0	0	0	0	0	0	0	0	0	5490	0	0	0	0	0	0	0	0	0	// Control Cloak
42	550	550	1	508	7000	0	5500	0	0	0	0	0	0	0	0	0	5500	0	0	0	0	0	0	0	0	0	// The Wings
42	551	551	1	508	7000	0	5510	0	0	0	0	0	0	0	0	0	5510	0	0	0	0	0	0	0	0	0	// Referre Cloak
42	552	552	1	508	7000	0	5520	0	0	0	0	0	0	0	0	0	5520	0	0	0	0	0	0	0	0	0	// Cloak of Limit
42	553	553	1	508	7000	0	5530	0	0	0	0	0	0	0	0	0	5530	0	0	0	0	0	0	0	0	0	// Cloak of Transcendence
42	554	554	1	508	7000	0	5540	0	0	0	0	0	0	0	0	0	5540	0	0	0	0	0	0	0	0	0	// Wings Of Conqueror
42	555	555	1	508	7000	0	5550	0	0	0	0	0	0	0	0	0	5550	0	0	0	0	0	0	0	0	0	// Wings of Disillusionment
42	556	556	1	508	7000	0	5560	0	0	0	0	0	0	0	0	0	5560	0	0	0	0	0	0	0	0	0	// Wings of Fate
42	557	557	1	508	10000	0	5570	0	0	0	0	0	0	0	0	0	5570	0	0	0	0	0	0	0	0	0	// Wings Of Conqueror Pro
42	558	558	1	508	10000	0	5580	0	0	0	0	0	0	0	0	0	5580	0	0	0	0	0	0	0	0	0	// Capa de luz
42	559	559	1	508	10000	0	5590	0	0	0	0	0	0	0	0	0	5590	0	0	0	0	0	0	0	0	0	// Capa LemonPie
42	560	560	1	508	10000	0	5600	0	0	0	0	0	0	0	0	0	5600	0	0	0	0	0	0	0	0	0	// Capa Mitologica
42	561	561	1	508	10000	0	5610	0	0	0	0	0	0	0	0	0	5610	0	0	0	0	0	0	0	0	0	// Capa del Angel Blanco
42	562	562	1	508	10000	0	5620	0	0	0	0	0	0	0	0	0	5620	0	0	0	0	0	0	0	0	0	// Capa del Se?or Oscuro
42	563	563	1	508	10000	0	5630	0	0	0	0	0	0	0	0	0	5630	0	0	0	0	0	0	0	0	0	// Lava Wings Pro
42	564	564	1	508	10000	0	5640	0	0	0	0	0	0	0	0	0	5640	0	0	0	0	0	0	0	0	0	// IceBlue Wings Pro
42	565	565	1	508	10000	0	5650	0	0	0	0	0	0	0	0	0	5650	0	0	0	0	0	0	0	0	0	// RoxiWings Pro
42	566	566	1	508	10000	0	5660	0	0	0	0	0	0	0	0	0	5660	0	0	0	0	0	0	0	0	0	// Extremis Wings Pro
42	567	567	1	508	10000	0	5670	0	0	0	0	0	0	0	0	0	5670	0	0	0	0	0	0	0	0	0	// Origin Wings V1
42	568	568	1	508	10000	0	5680	0	0	0	0	0	0	0	0	0	5680	0	0	0	0	0	0	0	0	0	// Origin Wings V2
42	569	569	1	508	10000	0	5690	0	0	0	0	0	0	0	0	0	5690	0	0	0	0	0	0	0	0	0	// Divine Of Wings
42	570	570	1	508	10000	0	5700	0	0	0	0	0	0	0	0	0	5700	0	0	0	0	0	0	0	0	0	// Wings Of Titanium
42	571	571	1	508	10000	0	5710	0	0	0	0	0	0	0	0	0	5710	0	0	0	0	0	0	0	0	0	// Wings Divine Max
42	572	572	1	508	10000	0	5720	0	0	0	0	0	0	0	0	0	5720	0	0	0	0	0	0	0	0	0	// Wing Angel King
42	573	573	1	508	10000	0	5730	0	0	0	0	0	0	0	0	0	5730	0	0	0	0	0	0	0	0	0	// Avatar Purple Wings
42	574	574	1	508	10000	0	5740	0	0	0	0	0	0	0	0	0	5740	0	0	0	0	0	0	0	0	0	// Shigun Wings Pro
42	575	575	1	508	10000	0	5750	0	0	0	0	0	0	0	0	0	5750	0	0	0	0	0	0	0	0	0	// King Of Blue Wings
42	576	576	1	508	10000	0	5760	0	0	0	0	0	0	0	0	0	5760	0	0	0	0	0	0	0	0	0	// King Of Gold Wings
42	577	577	1	508	10000	0	5770	0	0	0	0	0	0	0	0	0	5770	0	0	0	0	0	0	0	0	0	// ProGreen Wings
42	578	578	1	508	10000	0	5780	0	0	0	0	0	0	0	0	0	5780	0	0	0	0	0	0	0	0	0	// Archangel Wings
42	579	579	1	508	10000	0	5790	0	0	0	0	0	0	0	0	0	5790	0	0	0	0	0	0	0	0	0	// Kristal Gold Wings
42	580	580	1	508	10000	0	5800	0	0	0	0	0	0	0	0	0	5800	0	0	0	0	0	0	0	0	0	// Wings Of Fenix
42	581	581	1	508	10000	0	5810	0	0	0	0	0	0	0	0	0	5810	0	0	0	0	0	0	0	0	0	// Wings GoldPro V2
42	582	582	1	508	10000	0	5820	0	0	0	0	0	0	0	0	0	5820	0	0	0	0	0	0	0	0	0	// Wings God Knight
42	583	583	1	508	10000	0	5830	0	0	0	0	0	0	0	0	0	5830	0	0	0	0	0	0	0	0	0	// Wings Of Sony
42	584	584	1	508	10000	0	5840	0	0	0	0	0	0	0	0	0	5840	0	0	0	0	0	0	0	0	0	// Wings Of Angel Pro
42	585	585	1	508	10000	0	5850	0	0	0	0	0	0	0	0	0	5850	0	0	0	0	0	0	0	0	0	// Wings Of DarkRaven
42	586	586	1	508	10000	0	5860	0	0	0	0	0	0	0	0	0	5860	0	0	0	0	0	0	0	0	0	// Wings Of Gold V1
42	587	587	1	508	10000	0	5870	0	0	0	0	0	0	0	0	0	5870	0	0	0	0	0	0	0	0	0	// Wings Celestial Green
42	588	588	1	508	10000	0	5880	0	0	0	0	0	0	0	0	0	5880	0	0	0	0	0	0	0	0	0	// Wings Celestial King
42	589	589	1	508	10000	0	5890	0	0	0	0	0	0	0	0	0	5890	0	0	0	0	0	0	0	0	0	// Wings GoldenBlue
42	590	590	1	508	10000	0	5900	0	0	0	0	0	0	0	0	0	5900	0	0	0	0	0	0	0	0	0	// Wings GoldenGold
42	591	591	1	508	10000	0	5910	0	0	0	0	0	0	0	0	0	5910	0	0	0	0	0	0	0	0	0	// Lairiz Gold Wings
42	592	592	1	508	10000	0	5920	0	0	0	0	0	0	0	0	0	5920	0	0	0	0	0	0	0	0	0	// Daemon King Wings
42	593	593	1	508	10000	0	5930	0	0	0	0	0	0	0	0	0	5930	0	0	0	0	0	0	0	0	0	// Aion Wing Celeste
42	594	594	1	508	10000	0	5940	0	0	0	0	0	0	0	0	0	5940	0	0	0	0	0	0	0	0	0	// Aion Wing Violeta
42	595	595	1	508	10000	0	5950	0	0	0	0	0	0	0	0	0	5950	0	0	0	0	0	0	0	0	0	// Wings Vilen King
42	596	596	1	508	10000	0	5960	0	0	0	0	0	0	0	0	0	5960	0	0	0	0	0	0	0	0	0	// Wings Of Purple
42	597	597	1	508	10000	0	5970	0	0	0	0	0	0	0	0	0	5970	0	0	0	0	0	0	0	0	0	// Wings FireBlue
42	598	598	1	508	10000	0	5980	0	0	0	0	0	0	0	0	0	5980	0	0	0	0	0	0	0	0	0	// Wings FireRed
42	599	599	1	508	10000	0	5990	0	0	0	0	0	0	0	0	0	5990	0	0	0	0	0	0	0	0	0	// Wings BlueDance
42	600	600	1	508	10000	0	6000	0	0	0	0	0	0	0	0	0	6000	0	0	0	0	0	0	0	0	0	// Cloak BlueDance
42	601	601	1	508	10000	0	6010	0	0	0	0	0	0	0	0	0	6010	0	0	0	0	0	0	0	0	0	// Red Of Dragon Wings
42	602	602	1	508	10000	0	6020	0	0	0	0	0	0	0	0	0	6020	0	0	0	0	0	0	0	0	0	// HellMain Wings
42	603	603	1	508	10000	0	6030	0	0	0	0	0	0	0	0	0	6030	0	0	0	0	0	0	0	0	0	// DaemonBlue Wings
42	604	604	1	508	10000	0	6040	0	0	0	0	0	0	0	0	0	6040	0	0	0	0	0	0	0	0	0	// Alas de la Destruccion
42	605	605	1	508	10000	0	6050	0	0	0	0	0	0	0	0	0	6050	0	0	0	0	0	0	0	0	0	// Alas de la Vida
42	606	606	1	508	10000	0	6060	0	0	0	0	0	0	0	0	0	6060	0	0	0	0	0	0	0	0	0	// Wings Of Power
42	607	607	1	508	10000	0	6070	0	0	0	0	0	0	0	0	0	6070	0	0	0	0	0	0	0	0	0	// Maya's Wings
42	608	608	1	508	10000	0	6080	0	0	0	0	0	0	0	0	0	6080	0	0	0	0	0	0	0	0	0	// CollectorWings Purple
42	609	609	1	508	10000	0	6090	0	0	0	0	0	0	0	0	0	6090	0	0	0	0	0	0	0	0	0	// CollectorWings Red
42	610	610	1	508	10000	0	6100	0	0	0	0	0	0	0	0	0	6100	0	0	0	0	0	0	0	0	0	// Wings of Silence
42	611	611	1	508	10000	0	6110	0	0	0	0	0	0	0	0	0	6110	0	0	0	0	0	0	0	0	0	// Wings of Condemnation
43	612	612	1	508	5000	0	6120	0	0	0	0	0	0	0	0	0	6120	0	0	0	0	0	0	0	0	0	// Ring of Ice
43	613	613	1	508	5000	0	6130	0	0	0	0	0	0	0	0	0	6130	0	0	0	0	0	0	0	0	0	// Ring of Poison
43	614	614	1	508	5000	0	6140	0	0	0	0	0	0	0	0	0	6140	0	0	0	0	0	0	0	0	0	// Wizards Ring
43	615	615	1	508	5000	0	6150	0	0	0	0	0	0	0	0	0	6150	0	0	0	0	0	0	0	0	0	// Ring of Fire
43	616	616	1	508	5000	0	6160	0	0	0	0	0	0	0	0	0	6160	0	0	0	0	0	0	0	0	0	// Ring of Earth
43	617	617	1	508	5000	0	6170	0	0	0	0	0	0	0	0	0	6170	0	0	0	0	0	0	0	0	0	// Ring of Wind
43	618	618	1	508	5000	0	6180	0	0	0	0	0	0	0	0	0	6180	0	0	0	0	0	0	0	0	0	// Ring of Magic
43	619	619	1	508	5000	0	6190	0	0	0	0	0	0	0	0	0	6190	0	0	0	0	0	0	0	0	0	// Pendant of Lighting
43	620	620	1	508	5000	0	6200	0	0	0	0	0	0	0	0	0	6200	0	0	0	0	0	0	0	0	0	// Pendant of Fire
43	621	621	1	508	5000	0	6210	0	0	0	0	0	0	0	0	0	6210	0	0	0	0	0	0	0	0	0	// Pendant of Ice
43	622	622	1	508	5000	0	6220	0	0	0	0	0	0	0	0	0	6220	0	0	0	0	0	0	0	0	0	// Pendant of Wind
43	623	623	1	508	5000	0	6230	0	0	0	0	0	0	0	0	0	6230	0	0	0	0	0	0	0	0	0	// Pendant of Water
43	624	624	1	508	5000	0	6240	0	0	0	0	0	0	0	0	0	6240	0	0	0	0	0	0	0	0	0	// Pendant of Ability
43	625	625	1	508	2000	0	6250	0	0	0	0	0	0	0	0	0	6250	0	0	0	0	0	0	0	0	0	// Panda Ring
44	626	626	1	508	2000	0	6260	0	0	0	0	0	0	0	0	0	6260	0	0	0	0	0	0	0	0	0	// Horn of Dinorant
44	627	627	1	508	2000	0	6270	0	0	0	0	0	0	0	0	0	6270	0	0	0	0	0	0	0	0	0	// Demon
44	628	628	1	508	2000	0	6280	0	0	0	0	0	0	0	0	0	6280	0	0	0	0	0	0	0	0	0	// Pet Rudolf
44	629	629	1	508	2000	0	6290	0	0	0	0	0	0	0	0	0	6290	0	0	0	0	0	0	0	0	0	// Pet Panda
44	630	630	1	508	2000	0	6300	0	0	0	0	0	0	0	0	0	6300	0	0	0	0	0	0	0	0	0	// Pet Unicorn
44	631	631	1	508	2000	0	6310	0	0	0	0	0	0	0	0	0	6310	0	0	0	0	0	0	0	0	0	// Pet Skeleton
44	632	632	1	508	2000	0	6320	0	0	0	0	0	0	0	0	0	6320	0	0	0	0	0	0	0	0	0	// Necromantico
44	633	633	1	508	2000	0	6330	0	0	0	0	0	0	0	0	0	6330	0	0	0	0	0	0	0	0	0	// MonkeyHGSSX
44	634	634	1	508	2000	0	6340	0	0	0	0	0	0	0	0	0	6340	0	0	0	0	0	0	0	0	0	// WarriorBirdLZZ
44	635	635	1	508	2000	0	6350	0	0	0	0	0	0	0	0	0	6350	0	0	0	0	0	0	0	0	0	// HeavenTTZZ
44	636	636	1	508	2000	0	6360	0	0	0	0	0	0	0	0	0	6360	0	0	0	0	0	0	0	0	0	// GolemFireYH
44	637	637	1	508	2000	0	6370	0	0	0	0	0	0	0	0	0	6370	0	0	0	0	0	0	0	0	0	// Premium Archangel Pet
44	638	638	1	508	2000	0	6380	0	0	0	0	0	0	0	0	0	6380	0	0	0	0	0	0	0	0	0	// Boo Pet
44	639	639	1	508	2000	0	6390	0	0	0	0	0	0	0	0	0	6390	0	0	0	0	0	0	0	0	0	// Nix Pet
44	640	640	1	508	2000	0	6400	0	0	0	0	0	0	0	0	0	6400	0	0	0	0	0	0	0	0	0	// Nix Necro Pet
44	641	641	1	508	2000	0	6410	0	0	0	0	0	0	0	0	0	6410	0	0	0	0	0	0	0	0	0	// Pet Baby Dragon
44	642	642	1	508	2000	0	6420	0	0	0	0	0	0	0	0	0	6420	0	0	0	0	0	0	0	0	0	// Pet Yugiho
44	643	643	1	508	2000	0	6430	0	0	0	0	0	0	0	0	0	6430	0	0	0	0	0	0	0	0	0	// Pet Lightning
44	644	644	1	508	2000	0	6440	0	0	0	0	0	0	0	0	0	6440	0	0	0	0	0	0	0	0	0	// Pet Goku GT
44	645	645	1	508	2000	0	6450	0	0	0	0	0	0	0	0	0	6450	0	0	0	0	0	0	0	0	0	// Pet Bilz Zama
44	646	646	1	508	2000	0	6460	0	0	0	0	0	0	0	0	0	6460	0	0	0	0	0	0	0	0	0	// Pet RuneWizard
45	647	647	1	508	5000	0	6470	0	0	0	0	0	0	0	0	0	6470	0	0	0	0	0	0	0	0	0	// Sonic Blade
45	648	648	1	508	5000	0	6480	0	0	0	0	0	0	0	0	0	6480	0	0	0	0	0	0	0	0	0	// Cyclone Sword
45	649	649	1	508	5000	0	6490	0	0	0	0	0	0	0	0	0	6490	0	0	0	0	0	0	0	0	0	// Asura
45	650	650	1	508	5000	0	6500	0	0	0	0	0	0	0	0	0	6500	0	0	0	0	0	0	0	0	0	// Blast Break
45	651	651	1	508	5000	0	6510	0	0	0	0	0	0	0	0	0	6510	0	0	0	0	0	0	0	0	0	// Blood Angel Sword
45	652	652	1	508	5000	0	6520	0	0	0	0	0	0	0	0	0	6520	0	0	0	0	0	0	0	0	0	// Blood Angel Magic Sword
45	653	653	1	508	5000	0	6530	0	0	0	0	0	0	0	0	0	6530	0	0	0	0	0	0	0	0	0	// Blessed Divine Sword
45	654	654	1	508	5000	0	6540	0	0	0	0	0	0	0	0	0	6540	0	0	0	0	0	0	0	0	0	// Dark Angel Sword
45	655	655	1	508	5000	0	6550	0	0	0	0	0	0	0	0	0	6550	0	0	0	0	0	0	0	0	0	// Dark Angel Magic Sword
45	656	656	1	508	5000	0	6560	0	0	0	0	0	0	0	0	0	6560	0	0	0	0	0	0	0	0	0	// Holyangel Sword
45	657	657	1	508	5000	0	6570	0	0	0	0	0	0	0	0	0	6570	0	0	0	0	0	0	0	0	0	// Holyangel Magic Sword
45	658	658	1	508	5000	0	6580	0	0	0	0	0	0	0	0	0	6580	0	0	0	0	0	0	0	0	0	// Soul Sword
45	659	659	1	508	5000	0	6590	0	0	0	0	0	0	0	0	0	6590	0	0	0	0	0	0	0	0	0	// Soul Magic Sword
45	660	660	1	508	5000	0	6600	0	0	0	0	0	0	0	0	0	6600	0	0	0	0	0	0	0	0	0	// Blue Eye Sword
45	661	661	1	508	5000	0	6610	0	0	0	0	0	0	0	0	0	6610	0	0	0	0	0	0	0	0	0	// Blue Eye Magic Sword
45	662	662	1	508	7000	0	6620	0	0	0	0	0	0	0	0	0	6620	0	0	0	0	0	0	0	0	0	// Snake King Sword
45	663	663	1	508	7000	0	6630	0	0	0	0	0	0	0	0	0	6630	0	0	0	0	0	0	0	0	0	// Snake King Magic Sword
45	664	664	1	508	7000	0	6640	0	0	0	0	0	0	0	0	0	6640	0	0	0	0	0	0	0	0	0	// BlueDance Sword
45	665	665	1	508	7000	0	6650	0	0	0	0	0	0	0	0	0	6650	0	0	0	0	0	0	0	0	0	// BlueDance Magic Sword
45	666	666	1	508	7000	0	6660	0	0	0	0	0	0	0	0	0	6660	0	0	0	0	0	0	0	0	0	// Halloween Sword
45	667	667	1	508	7000	0	6670	0	0	0	0	0	0	0	0	0	6670	0	0	0	0	0	0	0	0	0	// Nightmare Sword
45	668	668	1	508	7000	0	6680	0	0	0	0	0	0	0	0	0	6680	0	0	0	0	0	0	0	0	0	// Demonic Sword
45	669	669	1	508	7000	0	6690	0	0	0	0	0	0	0	0	0	6690	0	0	0	0	0	0	0	0	0	// Red Of Dragon Sword
45	670	670	1	508	7000	0	6700	0	0	0	0	0	0	0	0	0	6700	0	0	0	0	0	0	0	0	0	// HellMain Sword
45	671	671	1	508	7000	0	6710	0	0	0	0	0	0	0	0	0	6710	0	0	0	0	0	0	0	0	0	// DaemonBlue Sword
45	672	672	1	508	7000	0	6720	0	0	0	0	0	0	0	0	0	6720	0	0	0	0	0	0	0	0	0	// Warrior Sword
45	673	673	1	508	7000	0	6730	0	0	0	0	0	0	0	0	0	6730	0	0	0	0	0	0	0	0	0	// Gold Drive Sword
45	674	674	1	508	7000	0	6740	0	0	0	0	0	0	0	0	0	6740	0	0	0	0	0	0	0	0	0	// Akrus Sword
45	675	675	1	508	7000	0	6750	0	0	0	0	0	0	0	0	0	6750	0	0	0	0	0	0	0	0	0	// BlueKing Sword
45	676	676	1	508	7000	0	6760	0	0	0	0	0	0	0	0	0	6760	0	0	0	0	0	0	0	0	0	// Shougun Sword
45	677	677	1	508	7000	0	6770	0	0	0	0	0	0	0	0	0	6770	0	0	0	0	0	0	0	0	0	// Snaiper Sword
45	678	678	1	508	7000	0	6780	0	0	0	0	0	0	0	0	0	6780	0	0	0	0	0	0	0	0	0	// AngelKing Sword
45	679	679	1	508	7000	0	6790	0	0	0	0	0	0	0	0	0	6790	0	0	0	0	0	0	0	0	0	// Strom Sword
45	680	680	1	508	7000	0	6800	0	0	0	0	0	0	0	0	0	6800	0	0	0	0	0	0	0	0	0	// Orion Sword
45	681	681	1	508	7000	0	6810	0	0	0	0	0	0	0	0	0	6810	0	0	0	0	0	0	0	0	0	// Sword ProGreen
45	682	682	1	508	7000	0	6820	0	0	0	0	0	0	0	0	0	6820	0	0	0	0	0	0	0	0	0	// Violen Sword
45	683	683	1	508	7000	0	6830	0	0	0	0	0	0	0	0	0	6830	0	0	0	0	0	0	0	0	0	// Rayi King Sword
45	684	684	1	508	7000	0	6840	0	0	0	0	0	0	0	0	0	6840	0	0	0	0	0	0	0	0	0	// Ulgrin Sword
45	685	685	1	508	7000	0	6850	0	0	0	0	0	0	0	0	0	6850	0	0	0	0	0	0	0	0	0	// Artemis Sword
45	686	686	1	508	10000	0	6860	0	0	0	0	0	0	0	0	0	6860	0	0	0	0	0	0	0	0	0	// Fire Bone Blade
45	687	687	1	508	10000	0	6870	0	0	0	0	0	0	0	0	0	6870	0	0	0	0	0	0	0	0	0	// Water Bone Blade
45	688	688	1	508	10000	0	6880	0	0	0	0	0	0	0	0	0	6880	0	0	0	0	0	0	0	0	0	// Wind Bone Blade
45	689	689	1	508	10000	0	6890	0	0	0	0	0	0	0	0	0	6890	0	0	0	0	0	0	0	0	0	// Earth Bone Blade
45	690	690	1	508	10000	0	6900	0	0	0	0	0	0	0	0	0	6900	0	0	0	0	0	0	0	0	0	// Fire Explosion Blade
45	691	691	1	508	10000	0	6910	0	0	0	0	0	0	0	0	0	6910	0	0	0	0	0	0	0	0	0	// Water Explosion Blade
45	692	692	1	508	10000	0	6920	0	0	0	0	0	0	0	0	0	6920	0	0	0	0	0	0	0	0	0	// Wind Explosion Blade
45	693	693	1	508	10000	0	6930	0	0	0	0	0	0	0	0	0	6930	0	0	0	0	0	0	0	0	0	// Earth Explosion Blade
45	694	694	1	508	10000	0	6940	0	0	0	0	0	0	0	0	0	6940	0	0	0	0	0	0	0	0	0	// Dark Bone Blade
45	695	695	1	508	10000	0	6950	0	0	0	0	0	0	0	0	0	6950	0	0	0	0	0	0	0	0	0	// Dark Explosion Blade
45	696	696	1	508	10000	0	6960	0	0	0	0	0	0	0	0	0	6960	0	0	0	0	0	0	0	0	0	// Light Bone Blade
45	697	697	1	508	10000	0	6970	0	0	0	0	0	0	0	0	0	6970	0	0	0	0	0	0	0	0	0	// Light Explosion Blade
45	698	698	1	508	10000	0	6980	0	0	0	0	0	0	0	0	0	6980	0	0	0	0	0	0	0	0	0	// Sword Extremix MG
45	699	699	1	508	10000	0	6990	0	0	0	0	0	0	0	0	0	6990	0	0	0	0	0	0	0	0	0	// Sword Extremix BK
45	700	700	1	508	7000	0	7000	0	0	0	0	0	0	0	0	0	7000	0	0	0	0	0	0	0	0	0	// Bloody Dragon Claw
45	701	701	1	508	7000	0	7010	0	0	0	0	0	0	0	0	0	7010	0	0	0	0	0	0	0	0	0	// Rudra King Claw
45	702	702	1	508	7000	0	7020	0	0	0	0	0	0	0	0	0	7020	0	0	0	0	0	0	0	0	0	// Blood Angel Claw
45	703	703	1	508	7000	0	7030	0	0	0	0	0	0	0	0	0	7030	0	0	0	0	0	0	0	0	0	// Blessed Divine Claw
45	704	704	1	508	7000	0	7040	0	0	0	0	0	0	0	0	0	7040	0	0	0	0	0	0	0	0	0	// Divine Claw Archangel
45	705	705	1	508	7000	0	7050	0	0	0	0	0	0	0	0	0	7050	0	0	0	0	0	0	0	0	0	// Blue Eye Claw
45	706	706	1	508	7000	0	7060	0	0	0	0	0	0	0	0	0	7060	0	0	0	0	0	0	0	0	0	// Tigris Claw
45	707	707	1	508	7000	0	7070	0	0	0	0	0	0	0	0	0	7070	0	0	0	0	0	0	0	0	0	// Crimson Skull Claw
45	708	708	1	508	7000	0	7080	0	0	0	0	0	0	0	0	0	7080	0	0	0	0	0	0	0	0	0	// Dark Angel Claw
45	709	709	1	508	7000	0	7090	0	0	0	0	0	0	0	0	0	7090	0	0	0	0	0	0	0	0	0	// Holy Angel Claw
45	710	710	1	508	7000	0	7100	0	0	0	0	0	0	0	0	0	7100	0	0	0	0	0	0	0	0	0	// Awakening Soul Claw
45	711	711	1	508	5000	0	7110	0	0	0	0	0	0	0	0	0	7110	0	0	0	0	0	0	0	0	0	// Magmus Peer
45	712	712	1	508	7000	0	7120	0	0	0	0	0	0	0	0	0	7120	0	0	0	0	0	0	0	0	0	// Snake King Spear
45	713	713	1	508	7000	0	7130	0	0	0	0	0	0	0	0	0	7130	0	0	0	0	0	0	0	0	0	// Raiden King Spear
45	714	714	1	508	7000	0	7140	0	0	0	0	0	0	0	0	0	7140	0	0	0	0	0	0	0	0	0	// Rayi King Spear
46	715	715	1	508	5000	0	7150	0	0	0	0	0	0	0	0	0	7150	0	0	0	0	0	0	0	0	0	// Thunderbolt Scepter
46	716	716	1	508	5000	0	7160	0	0	0	0	0	0	0	0	0	7160	0	0	0	0	0	0	0	0	0	// Horn of Steal
46	717	717	1	508	5000	0	7170	0	0	0	0	0	0	0	0	0	7170	0	0	0	0	0	0	0	0	0	// Bloodangel Scepter
46	718	718	1	508	5000	0	7180	0	0	0	0	0	0	0	0	0	7180	0	0	0	0	0	0	0	0	0	// Blessed Divine Scepter
46	719	719	1	508	5000	0	7190	0	0	0	0	0	0	0	0	0	7190	0	0	0	0	0	0	0	0	0	// Dark Angel Scepter
46	720	720	1	508	5000	0	7200	0	0	0	0	0	0	0	0	0	7200	0	0	0	0	0	0	0	0	0	// Holy Angel Scepter
46	721	721	1	508	5000	0	7210	0	0	0	0	0	0	0	0	0	7210	0	0	0	0	0	0	0	0	0	// Soul Scepter
46	722	722	1	508	5000	0	7220	0	0	0	0	0	0	0	0	0	7220	0	0	0	0	0	0	0	0	0	// Blue Eye Scepter
46	723	723	1	508	7000	0	7230	0	0	0	0	0	0	0	0	0	7230	0	0	0	0	0	0	0	0	0	// Snake King Scepter
46	724	724	1	508	7000	0	7240	0	0	0	0	0	0	0	0	0	7240	0	0	0	0	0	0	0	0	0	// BlueDance Sceptor
46	725	725	1	508	10000	0	7250	0	0	0	0	0	0	0	0	0	7250	0	0	0	0	0	0	0	0	0	// Fire Soleil Scepter
46	726	726	1	508	10000	0	7260	0	0	0	0	0	0	0	0	0	7260	0	0	0	0	0	0	0	0	0	// Water Soleil Scepter
46	727	727	1	508	10000	0	7270	0	0	0	0	0	0	0	0	0	7270	0	0	0	0	0	0	0	0	0	// Wind Soleil Scepter
46	728	728	1	508	10000	0	7280	0	0	0	0	0	0	0	0	0	7280	0	0	0	0	0	0	0	0	0	// Earth Soleil Scepter
46	729	729	1	508	10000	0	7290	0	0	0	0	0	0	0	0	0	7290	0	0	0	0	0	0	0	0	0	// Dark Soleil Scepter
46	730	730	1	508	10000	0	7300	0	0	0	0	0	0	0	0	0	7300	0	0	0	0	0	0	0	0	0	// Light Soleil Scepter
46	731	731	1	508	10000	0	7310	0	0	0	0	0	0	0	0	0	7310	0	0	0	0	0	0	0	0	0	// Sceptor Extremix DL
46	732	732	1	508	10000	0	7320	0	0	0	0	0	0	0	0	0	7320	0	0	0	0	0	0	0	0	0	// Mace Of King
46	733	733	1	508	10000	0	7330	0	0	0	0	0	0	0	0	0	7330	0	0	0	0	0	0	0	0	0	// Mace Of Dragon
47	734	734	1	508	5000	0	7340	0	0	0	0	0	0	0	0	0	7340	0	0	0	0	0	0	0	0	0	// Spite Staff
47	735	735	1	508	5000	0	7350	0	0	0	0	0	0	0	0	0	7350	0	0	0	0	0	0	0	0	0	// Miracle Staff
47	736	736	1	508	5000	0	7360	0	0	0	0	0	0	0	0	0	7360	0	0	0	0	0	0	0	0	0	// Blood Angel Staff
47	737	737	1	508	5000	0	7370	0	0	0	0	0	0	0	0	0	7370	0	0	0	0	0	0	0	0	0	// Summon Spirit Stick
47	738	738	1	508	5000	0	7380	0	0	0	0	0	0	0	0	0	7380	0	0	0	0	0	0	0	0	0	// Blood Angel Stick
47	739	739	1	508	5000	0	7390	0	0	0	0	0	0	0	0	0	7390	0	0	0	0	0	0	0	0	0	// Blessed Divine Staff
47	740	740	1	508	5000	0	7400	0	0	0	0	0	0	0	0	0	7400	0	0	0	0	0	0	0	0	0	// Blessed Divine Stick
47	741	741	1	508	5000	0	7410	0	0	0	0	0	0	0	0	0	7410	0	0	0	0	0	0	0	0	0	// Dark Angel Staff
47	742	742	1	508	5000	0	7420	0	0	0	0	0	0	0	0	0	7420	0	0	0	0	0	0	0	0	0	// Dark Angel Stick
47	743	743	1	508	5000	0	7430	0	0	0	0	0	0	0	0	0	7430	0	0	0	0	0	0	0	0	0	// Holy Angel Staff
47	744	744	1	508	5000	0	7440	0	0	0	0	0	0	0	0	0	7440	0	0	0	0	0	0	0	0	0	// Holy Angel Stick
47	745	745	1	508	5000	0	7450	0	0	0	0	0	0	0	0	0	7450	0	0	0	0	0	0	0	0	0	// Soul Staff
47	746	746	1	508	5000	0	7460	0	0	0	0	0	0	0	0	0	7460	0	0	0	0	0	0	0	0	0	// Soul Stick
47	747	747	1	508	5000	0	7470	0	0	0	0	0	0	0	0	0	7470	0	0	0	0	0	0	0	0	0	// Blue Eye Staff
47	748	748	1	508	5000	0	7480	0	0	0	0	0	0	0	0	0	7480	0	0	0	0	0	0	0	0	0	// Blue Eye Stick
47	749	749	1	508	7000	0	7490	0	0	0	0	0	0	0	0	0	7490	0	0	0	0	0	0	0	0	0	// Snake King Staff
47	750	750	1	508	7000	0	7500	0	0	0	0	0	0	0	0	0	7500	0	0	0	0	0	0	0	0	0	// BlueDance Staff
47	751	751	1	508	7000	0	7510	0	0	0	0	0	0	0	0	0	7510	0	0	0	0	0	0	0	0	0	// Celestial Staff
47	752	752	1	508	7000	0	7520	0	0	0	0	0	0	0	0	0	7520	0	0	0	0	0	0	0	0	0	// AngelKing Staff
47	753	753	1	508	10000	0	7530	0	0	0	0	0	0	0	0	0	7530	0	0	0	0	0	0	0	0	0	// Fire Grand Viper Staff
47	754	754	1	508	10000	0	7540	0	0	0	0	0	0	0	0	0	7540	0	0	0	0	0	0	0	0	0	// Water Grand Viper Staff
47	755	755	1	508	10000	0	7550	0	0	0	0	0	0	0	0	0	7550	0	0	0	0	0	0	0	0	0	// Wind Grand Viper Staff
47	756	756	1	508	10000	0	7560	0	0	0	0	0	0	0	0	0	7560	0	0	0	0	0	0	0	0	0	// Earth Grand Viper Staff
47	757	757	1	508	10000	0	7570	0	0	0	0	0	0	0	0	0	7570	0	0	0	0	0	0	0	0	0	// Fire Storm Blitz Stick
47	758	758	1	508	10000	0	7580	0	0	0	0	0	0	0	0	0	7580	0	0	0	0	0	0	0	0	0	// Water Storm Blitz Stick
47	759	759	1	508	10000	0	7590	0	0	0	0	0	0	0	0	0	7590	0	0	0	0	0	0	0	0	0	// Wind Storm Blitz Stick
47	760	760	1	508	10000	0	7600	0	0	0	0	0	0	0	0	0	7600	0	0	0	0	0	0	0	0	0	// Earth Storm Blitz Stick
47	761	761	1	508	10000	0	7610	0	0	0	0	0	0	0	0	0	7610	0	0	0	0	0	0	0	0	0	// Dark Grand Viper Staff
47	762	762	1	508	10000	0	7620	0	0	0	0	0	0	0	0	0	7620	0	0	0	0	0	0	0	0	0	// Dark Storm Blitz Stick
47	763	763	1	508	10000	0	7630	0	0	0	0	0	0	0	0	0	7630	0	0	0	0	0	0	0	0	0	// Light Grand Viper Staff
47	764	764	1	508	10000	0	7640	0	0	0	0	0	0	0	0	0	7640	0	0	0	0	0	0	0	0	0	// Light Storm Blitz Stick
47	765	765	1	508	10000	0	7650	0	0	0	0	0	0	0	0	0	7650	0	0	0	0	0	0	0	0	0	// Staff Extremix pro
47	766	766	1	508	5000	0	7660	0	0	0	0	0	0	0	0	0	7660	0	0	0	0	0	0	0	0	0	// Angelic Bow
47	767	767	1	508	5000	0	7670	0	0	0	0	0	0	0	0	0	7670	0	0	0	0	0	0	0	0	0	// Blood Angel Bow
47	768	768	1	508	5000	0	7680	0	0	0	0	0	0	0	0	0	7680	0	0	0	0	0	0	0	0	0	// Dark Angel Bow
47	769	769	1	508	5000	0	7690	0	0	0	0	0	0	0	0	0	7690	0	0	0	0	0	0	0	0	0	// Holy Angel Bow
47	770	770	1	508	5000	0	7700	0	0	0	0	0	0	0	0	0	7700	0	0	0	0	0	0	0	0	0	// Soul Bow
47	771	771	1	508	5000	0	7710	0	0	0	0	0	0	0	0	0	7710	0	0	0	0	0	0	0	0	0	// Blue Eye Bow
47	772	772	1	508	5000	0	7720	0	0	0	0	0	0	0	0	0	7720	0	0	0	0	0	0	0	0	0	// BlueDance Bow
47	773	773	1	508	5000	0	7730	0	0	0	0	0	0	0	0	0	7730	0	0	0	0	0	0	0	0	0	// Devil Crossbow
47	774	774	1	508	5000	0	7740	0	0	0	0	0	0	0	0	0	7740	0	0	0	0	0	0	0	0	0	// Blessed Divine Crossbow
47	775	775	1	508	10000	0	7750	0	0	0	0	0	0	0	0	0	7750	0	0	0	0	0	0	0	0	0	// Fire Sylph Wind Bow
47	776	776	1	508	10000	0	7760	0	0	0	0	0	0	0	0	0	7760	0	0	0	0	0	0	0	0	0	// Water Sylph Wind Bow
47	777	777	1	508	10000	0	7770	0	0	0	0	0	0	0	0	0	7770	0	0	0	0	0	0	0	0	0	// Wind Sylph Wind Bow
47	778	778	1	508	10000	0	7780	0	0	0	0	0	0	0	0	0	7780	0	0	0	0	0	0	0	0	0	// Earth Sylph Wind Bow
47	779	779	1	508	10000	0	7790	0	0	0	0	0	0	0	0	0	7790	0	0	0	0	0	0	0	0	0	// Dark Sylph Wind Bow
47	780	780	1	508	10000	0	7800	0	0	0	0	0	0	0	0	0	7800	0	0	0	0	0	0	0	0	0	// Light Sylph Wind Bow
47	781	781	1	508	10000	0	7810	0	0	0	0	0	0	0	0	0	7810	0	0	0	0	0	0	0	0	0	// Bow Extremix Pro
48	782	782	1	508	5000	0	7820	0	0	0	0	0	0	0	0	0	7820	0	0	0	0	0	0	0	0	0	// Lazy Wind Shield
48	783	783	1	508	5000	0	7830	0	0	0	0	0	0	0	0	0	7830	0	0	0	0	0	0	0	0	0	// Light Lord Shield
48	784	784	1	508	5000	0	7840	0	0	0	0	0	0	0	0	0	7840	0	0	0	0	0	0	0	0	0	// Dark Devil Shield
48	785	785	1	508	5000	0	7850	0	0	0	0	0	0	0	0	0	7850	0	0	0	0	0	0	0	0	0	// Magic Knight Shield
48	786	786	1	508	5000	0	7860	0	0	0	0	0	0	0	0	0	7860	0	0	0	0	0	0	0	0	0	// Ambition Shield
48	787	787	1	508	7000	0	7870	0	0	0	0	0	0	0	0	0	7870	0	0	0	0	0	0	0	0	0	// Blood Angel Shield
48	788	788	1	508	7000	0	7880	0	0	0	0	0	0	0	0	0	7880	0	0	0	0	0	0	0	0	0	// Dark Angel Shield
48	789	789	1	508	7000	0	7890	0	0	0	0	0	0	0	0	0	7890	0	0	0	0	0	0	0	0	0	// Holy Angel Shield
48	790	790	1	508	7000	0	7900	0	0	0	0	0	0	0	0	0	7900	0	0	0	0	0	0	0	0	0	// Awakening Shield
48	791	791	1	508	7000	0	7910	0	0	0	0	0	0	0	0	0	7910	0	0	0	0	0	0	0	0	0	// Blueeye Shield
48	792	792	1	508	7000	0	7920	0	0	0	0	0	0	0	0	0	7920	0	0	0	0	0	0	0	0	0	// Silverheart Shield
48	793	793	1	508	7000	0	7930	0	0	0	0	0	0	0	0	0	7930	0	0	0	0	0	0	0	0	0	// Shield Extremix
48	794	794	1	508	7000	0	7940	0	0	0	0	0	0	0	0	0	7940	0	0	0	0	0	0	0	0	0	// Snake King Shield
48	795	795	1	508	7000	0	7950	0	0	0	0	0	0	0	0	0	7950	0	0	0	0	0	0	0	0	0	// BlueDance Shield
48	796	796	1	508	7000	0	7960	0	0	0	0	0	0	0	0	0	7960	0	0	0	0	0	0	0	0	0	// Halloween Shield
48	797	797	1	508	7000	0	7970	0	0	0	0	0	0	0	0	0	7970	0	0	0	0	0	0	0	0	0	// Nightmare Shield
48	798	798	1	508	7000	0	7980	0	0	0	0	0	0	0	0	0	7980	0	0	0	0	0	0	0	0	0	// Demonic Shield
48	799	799	1	508	7000	0	7990	0	0	0	0	0	0	0	0	0	7990	0	0	0	0	0	0	0	0	0	// Red Of Dragon Shield
48	800	800	1	508	7000	0	8000	0	0	0	0	0	0	0	0	0	8000	0	0	0	0	0	0	0	0	0	// HellMain Shield
48	801	801	1	508	7000	0	8010	0	0	0	0	0	0	0	0	0	8010	0	0	0	0	0	0	0	0	0	// Celestial Shield
48	802	802	1	508	7000	0	8020	0	0	0	0	0	0	0	0	0	8020	0	0	0	0	0	0	0	0	0	// Gold Drive Shield
48	803	803	1	508	7000	0	8030	0	0	0	0	0	0	0	0	0	8030	0	0	0	0	0	0	0	0	0	// Orion Shield
48	804	804	1	508	7000	0	8040	0	0	0	0	0	0	0	0	0	8040	0	0	0	0	0	0	0	0	0	// Master Shield
48	805	805	1	508	7000	0	8050	0	0	0	0	0	0	0	0	0	8050	0	0	0	0	0	0	0	0	0	// Rayi King Shield
51	878	878	1	508	5000	0	8780	0	0	0	0	0	0	0	0	0	8780	0	0	0	0	0	0	0	0	0	// Lazy Wind Helm
51	879	879	1	508	5000	0	8790	0	0	0	0	0	0	0	0	0	8790	0	0	0	0	0	0	0	0	0	// Dark Devil Helm
51	881	881	1	508	5000	0	8810	0	0	0	0	0	0	0	0	0	8810	0	0	0	0	0	0	0	0	0	// Ambition Helm
51	883	883	1	508	5000	0	8830	0	0	0	0	0	0	0	0	0	8830	0	0	0	0	0	0	0	0	0	// Light Lord Helm
51	884	884	1	508	5000	0	8840	0	0	0	0	0	0	0	0	0	8840	0	0	0	0	0	0	0	0	0	// Bloody Dragon Helm
51	885	885	1	508	5000	0	8850	0	0	0	0	0	0	0	0	0	8850	0	0	0	0	0	0	0	0	0	// Rudra King Helm
51	886	886	1	508	5000	0	8860	0	0	0	0	0	0	0	0	0	8860	0	0	0	0	0	0	0	0	0	// Snake King Fem Helm
51	887	887	1	508	5000	0	8870	0	0	0	0	0	0	0	0	0	8870	0	0	0	0	0	0	0	0	0	// Snake King Mas Helm
51	888	888	1	508	5000	0	8880	0	0	0	0	0	0	0	0	0	8880	0	0	0	0	0	0	0	0	0	// BlueDance Fem Helm
51	889	889	1	508	5000	0	8890	0	0	0	0	0	0	0	0	0	8890	0	0	0	0	0	0	0	0	0	// BlueDance Mas Helm
51	890	890	1	508	5000	0	8900	0	0	0	0	0	0	0	0	0	8900	0	0	0	0	0	0	0	0	0	// Halloween Helm
51	891	891	1	508	5000	0	8910	0	0	0	0	0	0	0	0	0	8910	0	0	0	0	0	0	0	0	0	// Gold Knight Helm
51	892	892	1	508	5000	0	8920	0	0	0	0	0	0	0	0	0	8920	0	0	0	0	0	0	0	0	0	// Red Of Dragon Helm
51	893	893	1	508	5000	0	8930	0	0	0	0	0	0	0	0	0	8930	0	0	0	0	0	0	0	0	0	// HellMain Helm
51	894	894	1	508	5000	0	8940	0	0	0	0	0	0	0	0	0	8940	0	0	0	0	0	0	0	0	0	// DaemonBlue Helm
51	895	895	1	508	5000	0	8950	0	0	0	0	0	0	0	0	0	8950	0	0	0	0	0	0	0	0	0	// Lord Green Helm
51	896	896	1	508	5000	0	8960	0	0	0	0	0	0	0	0	0	8960	0	0	0	0	0	0	0	0	0	// Warrior Helm
51	897	897	1	508	5000	0	8970	0	0	0	0	0	0	0	0	0	8970	0	0	0	0	0	0	0	0	0	// Gold Drive Helm
51	898	898	1	508	5000	0	8980	0	0	0	0	0	0	0	0	0	8980	0	0	0	0	0	0	0	0	0	// Succubus Helm
51	899	899	1	508	5000	0	8990	0	0	0	0	0	0	0	0	0	8990	0	0	0	0	0	0	0	0	0	// Migate no Goku Helm
52	932	932	1	508	5000	0	9320	0	0	0	0	0	0	0	0	0	9320	0	0	0	0	0	0	0	0	0	// Lazy Wind Armor
52	933	933	1	508	5000	0	9330	0	0	0	0	0	0	0	0	0	9330	0	0	0	0	0	0	0	0	0	// Dark Devil Armor
52	935	935	1	508	5000	0	9350	0	0	0	0	0	0	0	0	0	9350	0	0	0	0	0	0	0	0	0	// Hell Night Armor
52	936	936	1	508	5000	0	9360	0	0	0	0	0	0	0	0	0	9360	0	0	0	0	0	0	0	0	0	// Ambition Armor
52	938	938	1	508	5000	0	9380	0	0	0	0	0	0	0	0	0	9380	0	0	0	0	0	0	0	0	0	// Light Lord Armor
52	940	940	1	508	5000	0	9400	0	0	0	0	0	0	0	0	0	9400	0	0	0	0	0	0	0	0	0	// Bloody Dragon Armor
52	941	941	1	508	5000	0	9410	0	0	0	0	0	0	0	0	0	9410	0	0	0	0	0	0	0	0	0	// Rudra King Armor
52	942	942	1	508	5000	0	9420	0	0	0	0	0	0	0	0	0	9420	0	0	0	0	0	0	0	0	0	// Snake King Fem Armor
52	943	943	1	508	5000	0	9430	0	0	0	0	0	0	0	0	0	9430	0	0	0	0	0	0	0	0	0	// Snake King Mas Armor
52	944	944	1	508	5000	0	9440	0	0	0	0	0	0	0	0	0	9440	0	0	0	0	0	0	0	0	0	// BlueDance Fem Armor
52	945	945	1	508	5000	0	9450	0	0	0	0	0	0	0	0	0	9450	0	0	0	0	0	0	0	0	0	// BlueDance Mas Armor
52	946	946	1	508	5000	0	9460	0	0	0	0	0	0	0	0	0	9460	0	0	0	0	0	0	0	0	0	// Halloween Armor
52	947	947	1	508	5000	0	9470	0	0	0	0	0	0	0	0	0	9470	0	0	0	0	0	0	0	0	0	// Gold Knight Armor
52	948	948	1	508	5000	0	9480	0	0	0	0	0	0	0	0	0	9480	0	0	0	0	0	0	0	0	0	// Red Of Dragon Armor
52	949	949	1	508	5000	0	9490	0	0	0	0	0	0	0	0	0	9490	0	0	0	0	0	0	0	0	0	// HellMain Armor
52	950	950	1	508	5000	0	9500	0	0	0	0	0	0	0	0	0	9500	0	0	0	0	0	0	0	0	0	// DaemonBlue Armor
52	951	951	1	508	5000	0	9510	0	0	0	0	0	0	0	0	0	9510	0	0	0	0	0	0	0	0	0	// Lord Green Armor
52	952	952	1	508	5000	0	9520	0	0	0	0	0	0	0	0	0	9520	0	0	0	0	0	0	0	0	0	// Warrior Armor
52	953	953	1	508	5000	0	9530	0	0	0	0	0	0	0	0	0	9530	0	0	0	0	0	0	0	0	0	// Gold Drive Armor
52	954	954	1	508	5000	0	9540	0	0	0	0	0	0	0	0	0	9540	0	0	0	0	0	0	0	0	0	// Succubus Armor
52	955	955	1	508	5000	0	9550	0	0	0	0	0	0	0	0	0	9550	0	0	0	0	0	0	0	0	0	// Migate no Goku Armor
53	806	806	1	508	5000	0	8060	0	0	0	0	0	0	0	0	0	8060	0	0	0	0	0	0	0	0	0	// Light Lord Pants
53	808	808	1	508	5000	0	8080	0	0	0	0	0	0	0	0	0	8080	0	0	0	0	0	0	0	0	0	// Bloody Dragon Pants
53	809	809	1	508	5000	0	8090	0	0	0	0	0	0	0	0	0	8090	0	0	0	0	0	0	0	0	0	// Rudra King Pants
53	810	810	1	508	5000	0	8100	0	0	0	0	0	0	0	0	0	8100	0	0	0	0	0	0	0	0	0	// Snake King Fem Pants
53	811	811	1	508	5000	0	8110	0	0	0	0	0	0	0	0	0	8110	0	0	0	0	0	0	0	0	0	// Snake King Mas Pants
53	812	812	1	508	5000	0	8120	0	0	0	0	0	0	0	0	0	8120	0	0	0	0	0	0	0	0	0	// BlueDance Fem Pants
53	813	813	1	508	5000	0	8130	0	0	0	0	0	0	0	0	0	8130	0	0	0	0	0	0	0	0	0	// BlueDance Mas Pants
53	814	814	1	508	5000	0	8140	0	0	0	0	0	0	0	0	0	8140	0	0	0	0	0	0	0	0	0	// Halloween Pants
53	815	815	1	508	5000	0	8150	0	0	0	0	0	0	0	0	0	8150	0	0	0	0	0	0	0	0	0	// Gold Knight Pants
53	816	816	1	508	5000	0	8160	0	0	0	0	0	0	0	0	0	8160	0	0	0	0	0	0	0	0	0	// Red Of Dragon Pants
53	817	817	1	508	5000	0	8170	0	0	0	0	0	0	0	0	0	8170	0	0	0	0	0	0	0	0	0	// HellMain Pants
53	818	818	1	508	5000	0	8180	0	0	0	0	0	0	0	0	0	8180	0	0	0	0	0	0	0	0	0	// DaemonBlue Pants
53	819	819	1	508	5000	0	8190	0	0	0	0	0	0	0	0	0	8190	0	0	0	0	0	0	0	0	0	// Lord Green Pants
53	820	820	1	508	5000	0	8200	0	0	0	0	0	0	0	0	0	8200	0	0	0	0	0	0	0	0	0	// Warrior Pants
53	821	821	1	508	5000	0	8210	0	0	0	0	0	0	0	0	0	8210	0	0	0	0	0	0	0	0	0	// Gold Drive Pants
53	822	822	1	508	5000	0	8220	0	0	0	0	0	0	0	0	0	8220	0	0	0	0	0	0	0	0	0	// Succubus Pants
53	823	823	1	508	5000	0	8230	0	0	0	0	0	0	0	0	0	8230	0	0	0	0	0	0	0	0	0	// Migate no Goku Pants
53	993	993	1	508	5000	0	9930	0	0	0	0	0	0	0	0	0	9930	0	0	0	0	0	0	0	0	0	// Lazy Wind Pants
53	994	994	1	508	5000	0	9940	0	0	0	0	0	0	0	0	0	9940	0	0	0	0	0	0	0	0	0	// Dark Devil Pants
53	996	996	1	508	5000	0	9960	0	0	0	0	0	0	0	0	0	9960	0	0	0	0	0	0	0	0	0	// Hell Night Pants
53	997	997	1	508	5000	0	9970	0	0	0	0	0	0	0	0	0	9970	0	0	0	0	0	0	0	0	0	// Ambition Pants
54	807	807	1	508	5000	0	8070	0	0	0	0	0	0	0	0	0	8070	0	0	0	0	0	0	0	0	0	// Light Lord Gloves
54	880	880	1	508	5000	0	8800	0	0	0	0	0	0	0	0	0	8800	0	0	0	0	0	0	0	0	0	// Bloody Dragon Gloves
54	882	882	1	508	5000	0	8820	0	0	0	0	0	0	0	0	0	8820	0	0	0	0	0	0	0	0	0	// Rudra King Gloves
54	900	900	1	508	5000	0	9000	0	0	0	0	0	0	0	0	0	9000	0	0	0	0	0	0	0	0	0	// Lazy Wind Gloves
54	901	901	1	508	5000	0	9010	0	0	0	0	0	0	0	0	0	9010	0	0	0	0	0	0	0	0	0	// Dark Devil Gloves
54	902	902	1	508	5000	0	9020	0	0	0	0	0	0	0	0	0	9020	0	0	0	0	0	0	0	0	0	// Snake King Fem Gloves
54	903	903	1	508	5000	0	9030	0	0	0	0	0	0	0	0	0	9030	0	0	0	0	0	0	0	0	0	// Hell Night Gloves
54	904	904	1	508	5000	0	9040	0	0	0	0	0	0	0	0	0	9040	0	0	0	0	0	0	0	0	0	// Ambition Gloves
54	905	905	1	508	5000	0	9050	0	0	0	0	0	0	0	0	0	9050	0	0	0	0	0	0	0	0	0	// Snake King Mas Gloves
54	906	906	1	508	5000	0	9060	0	0	0	0	0	0	0	0	0	9060	0	0	0	0	0	0	0	0	0	// BlueDance Fem Gloves
54	907	907	1	508	5000	0	9070	0	0	0	0	0	0	0	0	0	9070	0	0	0	0	0	0	0	0	0	// BlueDance Mas Gloves
54	908	908	1	508	5000	0	9080	0	0	0	0	0	0	0	0	0	9080	0	0	0	0	0	0	0	0	0	// Halloween Gloves
54	909	909	1	508	5000	0	9090	0	0	0	0	0	0	0	0	0	9090	0	0	0	0	0	0	0	0	0	// Gold Knight Gloves
54	910	910	1	508	5000	0	9100	0	0	0	0	0	0	0	0	0	9100	0	0	0	0	0	0	0	0	0	// Red Of Dragon Gloves
54	911	911	1	508	5000	0	9110	0	0	0	0	0	0	0	0	0	9110	0	0	0	0	0	0	0	0	0	// HellMain	Gloves
54	912	912	1	508	5000	0	9120	0	0	0	0	0	0	0	0	0	9120	0	0	0	0	0	0	0	0	0	// DaemonBlue Gloves
54	913	913	1	508	5000	0	9130	0	0	0	0	0	0	0	0	0	9130	0	0	0	0	0	0	0	0	0	// Lord Green Gloves
54	914	914	1	508	5000	0	9140	0	0	0	0	0	0	0	0	0	9140	0	0	0	0	0	0	0	0	0	// Warrior Gloves
54	915	915	1	508	5000	0	9150	0	0	0	0	0	0	0	0	0	9150	0	0	0	0	0	0	0	0	0	// Gold Drive Gloves
54	916	916	1	508	5000	0	9160	0	0	0	0	0	0	0	0	0	9160	0	0	0	0	0	0	0	0	0	// Succubus Gloves
54	917	917	1	508	5000	0	9170	0	0	0	0	0	0	0	0	0	9170	0	0	0	0	0	0	0	0	0	// Migate no Goku Gloves
55	918	918	1	508	5000	0	9180	0	0	0	0	0	0	0	0	0	9180	0	0	0	0	0	0	0	0	0	// Lazy Wind Boots
55	919	919	1	508	5000	0	9190	0	0	0	0	0	0	0	0	0	9190	0	0	0	0	0	0	0	0	0	// Dark Devil Boots
55	920	920	1	508	5000	0	9200	0	0	0	0	0	0	0	0	0	9200	0	0	0	0	0	0	0	0	0	// Hell Night Boots
55	921	921	1	508	5000	0	9210	0	0	0	0	0	0	0	0	0	9210	0	0	0	0	0	0	0	0	0	// Ambition Boots
55	922	922	1	508	5000	0	9220	0	0	0	0	0	0	0	0	0	9220	0	0	0	0	0	0	0	0	0	// Light Lord Boots
55	923	923	1	508	5000	0	9230	0	0	0	0	0	0	0	0	0	9230	0	0	0	0	0	0	0	0	0	// Bloody Dragon Boots
55	924	924	1	508	5000	0	9240	0	0	0	0	0	0	0	0	0	9240	0	0	0	0	0	0	0	0	0	// Rudra King Boots
55	925	925	1	508	5000	0	9250	0	0	0	0	0	0	0	0	0	9250	0	0	0	0	0	0	0	0	0	// Snake King Fem Boots
55	926	926	1	508	5000	0	9260	0	0	0	0	0	0	0	0	0	9260	0	0	0	0	0	0	0	0	0	// Snake King Mas Boots
55	927	927	1	508	5000	0	9270	0	0	0	0	0	0	0	0	0	9270	0	0	0	0	0	0	0	0	0	// BlueDance Fem Boots
55	928	928	1	508	5000	0	9280	0	0	0	0	0	0	0	0	0	9280	0	0	0	0	0	0	0	0	0	// BlueDance Mas Boots
55	929	929	1	508	5000	0	9290	0	0	0	0	0	0	0	0	0	9290	0	0	0	0	0	0	0	0	0	// Halloween Boots
55	930	930	1	508	5000	0	9300	0	0	0	0	0	0	0	0	0	9300	0	0	0	0	0	0	0	0	0	// Gold Knight Boots
55	931	931	1	508	5000	0	9310	0	0	0	0	0	0	0	0	0	9310	0	0	0	0	0	0	0	0	0	// Red Of Dragon Boots
55	934	934	1	508	5000	0	9340	0	0	0	0	0	0	0	0	0	9340	0	0	0	0	0	0	0	0	0	// HellMain Boots
55	937	937	1	508	5000	0	9370	0	0	0	0	0	0	0	0	0	9370	0	0	0	0	0	0	0	0	0	// DaemonBlue Boots
55	939	939	1	508	5000	0	9390	0	0	0	0	0	0	0	0	0	9390	0	0	0	0	0	0	0	0	0	// Lord Green Boots
55	956	956	1	508	5000	0	9560	0	0	0	0	0	0	0	0	0	9560	0	0	0	0	0	0	0	0	0	// Warrior Boots
55	957	957	1	508	5000	0	9570	0	0	0	0	0	0	0	0	0	9570	0	0	0	0	0	0	0	0	0	// Gold Drive Boots
55	958	958	1	508	5000	0	9580	0	0	0	0	0	0	0	0	0	9580	0	0	0	0	0	0	0	0	0	// Succubus Boots
55	959	959	1	508	5000	0	9590	0	0	0	0	0	0	0	0	0	9590	0	0	0	0	0	0	0	0	0	// Migate no Goku Boots
61	824	824	1	508	5000	0	8240	0	0	0	0	0	0	0	0	0	8240	0	0	0	0	0	0	0	0	0	// Lazy Wind Helm
61	825	825	1	508	5000	0	8250	0	0	0	0	0	0	0	0	0	8250	0	0	0	0	0	0	0	0	0	// Dark Devil Helm
61	826	826	1	508	5000	0	8260	0	0	0	0	0	0	0	0	0	8260	0	0	0	0	0	0	0	0	0	// Sticky Helm
61	827	827	1	508	5000	0	8270	0	0	0	0	0	0	0	0	0	8270	0	0	0	0	0	0	0	0	0	// Ambition Helm
61	828	828	1	508	5000	0	8280	0	0	0	0	0	0	0	0	0	8280	0	0	0	0	0	0	0	0	0	// Stormwing Helm
61	829	829	1	508	5000	0	8290	0	0	0	0	0	0	0	0	0	8290	0	0	0	0	0	0	0	0	0	// Light Lord Helm
61	830	830	1	508	5000	0	8300	0	0	0	0	0	0	0	0	0	8300	0	0	0	0	0	0	0	0	0	// Bloody Dragon Helm
61	831	831	1	508	5000	0	8310	0	0	0	0	0	0	0	0	0	8310	0	0	0	0	0	0	0	0	0	// Rudra King Helm
61	832	832	1	508	5000	0	8320	0	0	0	0	0	0	0	0	0	8320	0	0	0	0	0	0	0	0	0	// Snake King Fem Helm
61	833	833	1	508	5000	0	8330	0	0	0	0	0	0	0	0	0	8330	0	0	0	0	0	0	0	0	0	// Snake King Mas Helm
61	834	834	1	508	5000	0	8340	0	0	0	0	0	0	0	0	0	8340	0	0	0	0	0	0	0	0	0	// BlueDance Fem Helm
61	835	835	1	508	5000	0	8350	0	0	0	0	0	0	0	0	0	8350	0	0	0	0	0	0	0	0	0	// BlueDance Mas Helm
61	836	836	1	508	5000	0	8360	0	0	0	0	0	0	0	0	0	8360	0	0	0	0	0	0	0	0	0	// Halloween Helm
61	837	837	1	508	5000	0	8370	0	0	0	0	0	0	0	0	0	8370	0	0	0	0	0	0	0	0	0	// Gold Knight Helm
61	838	838	1	508	5000	0	8380	0	0	0	0	0	0	0	0	0	8380	0	0	0	0	0	0	0	0	0	// Red Of Dragon Helm
61	839	839	1	508	5000	0	8390	0	0	0	0	0	0	0	0	0	8390	0	0	0	0	0	0	0	0	0	// HellMain Helm
61	840	840	1	508	5000	0	8400	0	0	0	0	0	0	0	0	0	8400	0	0	0	0	0	0	0	0	0	// DaemonBlue Helm
61	841	841	1	508	5000	0	8410	0	0	0	0	0	0	0	0	0	8410	0	0	0	0	0	0	0	0	0	// Lord Green Helm
61	842	842	1	508	5000	0	8420	0	0	0	0	0	0	0	0	0	8420	0	0	0	0	0	0	0	0	0	// Warrior Helm
61	843	843	1	508	5000	0	8430	0	0	0	0	0	0	0	0	0	8430	0	0	0	0	0	0	0	0	0	// Gold Drive Helm
61	844	844	1	508	5000	0	8440	0	0	0	0	0	0	0	0	0	8440	0	0	0	0	0	0	0	0	0	// Succubus Helm
61	845	845	1	508	5000	0	8450	0	0	0	0	0	0	0	0	0	8450	0	0	0	0	0	0	0	0	0	// Migate no Goku Helm
61	846	846	1	508	7000	0	8460	0	0	0	0	0	0	0	0	0	8460	0	0	0	0	0	0	0	0	0	// Bloodangel Knight Helm
61	847	847	1	508	7000	0	8470	0	0	0	0	0	0	0	0	0	8470	0	0	0	0	0	0	0	0	0	// Bloodangel Wizard Helm
61	848	848	1	508	7000	0	8480	0	0	0	0	0	0	0	0	0	8480	0	0	0	0	0	0	0	0	0	// Bloodangel Elf Helm
61	849	849	1	508	7000	0	8490	0	0	0	0	0	0	0	0	0	8490	0	0	0	0	0	0	0	0	0	// Bloodangel Summoner Helm
61	850	850	1	508	7000	0	8500	0	0	0	0	0	0	0	0	0	8500	0	0	0	0	0	0	0	0	0	// Bloodangel Lord Helm
61	851	851	1	508	7000	0	8510	0	0	0	0	0	0	0	0	0	8510	0	0	0	0	0	0	0	0	0	// Bloodangel Fighter Helm
61	852	852	1	508	7000	0	8520	0	0	0	0	0	0	0	0	0	8520	0	0	0	0	0	0	0	0	0	// Awakening Soul Knight Helm
61	853	853	1	508	7000	0	8530	0	0	0	0	0	0	0	0	0	8530	0	0	0	0	0	0	0	0	0	// Awakening Soul Wizard Helm
61	854	854	1	508	7000	0	8540	0	0	0	0	0	0	0	0	0	8540	0	0	0	0	0	0	0	0	0	// Awakening Soul Elf Helm
61	855	855	1	508	7000	0	8550	0	0	0	0	0	0	0	0	0	8550	0	0	0	0	0	0	0	0	0	// Awakening Soul Summoner Helm
61	856	856	1	508	7000	0	8560	0	0	0	0	0	0	0	0	0	8560	0	0	0	0	0	0	0	0	0	// Awakening Soul Lord Helm
61	857	857	1	508	7000	0	8570	0	0	0	0	0	0	0	0	0	8570	0	0	0	0	0	0	0	0	0	// Awakening Soul Fighter Helm
61	858	858	1	508	7000	0	8580	0	0	0	0	0	0	0	0	0	8580	0	0	0	0	0	0	0	0	0	// Darkangel Knight Helm
61	859	859	1	508	7000	0	8590	0	0	0	0	0	0	0	0	0	8590	0	0	0	0	0	0	0	0	0	// Darkangel Wizard Helm
61	860	860	1	508	7000	0	8600	0	0	0	0	0	0	0	0	0	8600	0	0	0	0	0	0	0	0	0	// Darkangel Elf Helm
61	861	861	1	508	7000	0	8610	0	0	0	0	0	0	0	0	0	8610	0	0	0	0	0	0	0	0	0	// Darkangel Summoner Helm
61	862	862	1	508	7000	0	8620	0	0	0	0	0	0	0	0	0	8620	0	0	0	0	0	0	0	0	0	// Darkangel Lord Helm
61	863	863	1	508	7000	0	8630	0	0	0	0	0	0	0	0	0	8630	0	0	0	0	0	0	0	0	0	// Darkangel Fighter Helm
61	864	864	1	508	7000	0	8640	0	0	0	0	0	0	0	0	0	8640	0	0	0	0	0	0	0	0	0	// Tigris Helm
61	865	865	1	508	7000	0	8650	0	0	0	0	0	0	0	0	0	8650	0	0	0	0	0	0	0	0	0	// Crimson Skull Helm
61	866	866	1	508	7000	0	8660	0	0	0	0	0	0	0	0	0	8660	0	0	0	0	0	0	0	0	0	// Holyangel Knight Helm
61	867	867	1	508	7000	0	8670	0	0	0	0	0	0	0	0	0	8670	0	0	0	0	0	0	0	0	0	// Holyangel Wizard Helm
61	868	868	1	508	7000	0	8680	0	0	0	0	0	0	0	0	0	8680	0	0	0	0	0	0	0	0	0	// Holyangel Elf Helm
61	869	869	1	508	7000	0	8690	0	0	0	0	0	0	0	0	0	8690	0	0	0	0	0	0	0	0	0	// Holyangel Summoner Helm
61	870	870	1	508	7000	0	8700	0	0	0	0	0	0	0	0	0	8700	0	0	0	0	0	0	0	0	0	// Holyangel Lord Helm
61	871	871	1	508	7000	0	8710	0	0	0	0	0	0	0	0	0	8710	0	0	0	0	0	0	0	0	0	// Holyangel Fighter Helm
61	872	872	1	508	7000	0	8720	0	0	0	0	0	0	0	0	0	8720	0	0	0	0	0	0	0	0	0	// Blue Eye Knight Helm
61	873	873	1	508	7000	0	8730	0	0	0	0	0	0	0	0	0	8730	0	0	0	0	0	0	0	0	0	// Blue Eye Wizard Helm
61	874	874	1	508	7000	0	8740	0	0	0	0	0	0	0	0	0	8740	0	0	0	0	0	0	0	0	0	// Blue Eye Elf Helm
61	875	875	1	508	7000	0	8750	0	0	0	0	0	0	0	0	0	8750	0	0	0	0	0	0	0	0	0	// Blue Eye Summoner Helm
61	876	876	1	508	7000	0	8760	0	0	0	0	0	0	0	0	0	8760	0	0	0	0	0	0	0	0	0	// Blue Eye Lord Helm
61	877	877	1	508	7000	0	8770	0	0	0	0	0	0	0	0	0	8770	0	0	0	0	0	0	0	0	0	// Blue Eye Fighter Helm
62	0	0	1	508	9000	0	0	0	0	0	0	0	0	0	0	0	0	0	0	0	0	0	0	0	0	0	// Water Phoenix Soul Armor
end
