//|================================================================|
//| Zythe CashShop Editor                                          |
//| Credit: Zyth3/louis                          [skype:tec-facil] |
//|================================================================|
//ID	Number	Value	Item	Level	Skill	Luck	Option	ExOpt	AncOp	JOH	Oexe	Socket1	Socket2	Socket3	Socket4	Socket5	Qtd	Duration	Comment
0	0	9000	4327	15	1	1	7	63	0	0	0	254	254	254	254	254	255	0	// Water Phoenix Soul Armor (1 UN)
1000	1000	2000	0	15	1	1	7	63	0	0	0	254	254	254	254	254	255	0	// Kris (1 UN)
1010	1010	2000	1	15	1	1	7	63	0	0	0	254	254	254	254	254	255	0	// Short Sword (1 UN)
1020	1020	2000	2	15	1	1	7	63	0	0	0	254	254	254	254	254	255	0	// Rapier (1 UN)
1030	1030	2000	3	15	1	1	7	63	0	0	0	254	254	254	254	254	255	0	// Katana (1 UN)
1040	1040	3000	25	15	1	1	0	63	0	0	0	255	255	255	255	255	255	0	// Sword Dancer (1 UN)
1050	1050	4000	26	15	1	1	0	63	0	0	0	255	255	255	255	255	255	0	// Flameberge (1 UN)
1060	1060	4000	27	15	1	1	0	63	0	0	0	255	255	255	255	255	255	0	// Sword Breaker (1 UN)
1070	1070	4000	28	15	1	1	0	63	0	0	0	255	255	255	255	255	255	0	// Rune Bastard Sword (1 UN)
1080	1080	4000	31	15	1	1	0	63	0	0	0	255	255	255	255	255	255	0	// Rune Blade (1 UN)
1090	1090	4000	32	15	1	1	0	63	0	0	0	255	255	255	255	255	255	0	// Sacred Glove (1 UN)
1100	1100	4000	33	15	1	1	0	63	0	0	0	255	255	255	255	255	255	0	// Holly Storm Claws (1 UN)
1110	1110	4000	35	15	1	1	0	63	0	0	0	255	255	255	255	255	255	0	// Phoenix Soul Star (1 UN)
1120	1120	2000	4	15	1	1	7	63	0	0	0	254	254	254	254	254	255	0	// Sword of Assassin (1 UN)
1130	1130	2000	5	15	1	1	7	63	0	0	0	254	254	254	254	254	255	0	// Blade (1 UN)
1140	1140	2000	6	15	1	1	7	63	0	0	0	254	254	254	254	254	255	0	// Gladius (1 UN)
1150	1150	2000	7	15	1	1	7	63	0	0	0	254	254	254	254	254	255	0	// Falchion (1 UN)
1160	1160	4000	34	15	1	1	0	63	0	0	0	255	255	255	255	255	255	0	// Piercing Glove (1 UN)
1170	1170	4000	1536	15	1	1	0	63	0	0	0	255	255	255	255	255	255	0	// Light Spear (1 UN)
1180	1180	4000	1537	15	1	1	0	63	0	0	0	255	255	255	255	255	255	0	// Spear (1 UN)
1190	1190	2000	8	15	1	1	7	63	0	0	0	254	254	254	254	254	255	0	// Serpent Sword (1 UN)
1200	1200	2000	9	15	1	1	7	63	0	0	0	254	254	254	254	254	255	0	// Sword of Salamander (1 UN)
1210	1210	2000	10	15	1	1	7	63	0	0	0	254	254	254	254	254	255	0	// Light Saber (1 UN)
1220	1220	2000	11	15	1	1	7	63	0	0	0	254	254	254	254	254	255	0	// Legendary Sword (1 UN)
1230	1230	2000	12	15	1	1	7	63	0	0	0	254	254	254	254	254	255	0	// Heliacal Sword (1 UN)
1240	1240	2000	13	15	1	1	0	63	0	0	0	254	254	254	254	254	255	0	// Double Blade (1 UN)
1250	1250	3000	14	15	1	1	0	63	5	0	0	254	254	254	254	254	255	0	// Lighting Sword (1 UN)
1260	1260	2000	15	15	1	1	7	63	0	0	0	254	254	254	254	254	255	0	// Giant Sword (1 UN)
1270	1270	2000	16	15	1	1	0	63	0	0	0	254	254	254	254	254	255	0	// Sword of Destruction (1 UN)
1280	1280	2000	17	15	1	1	0	63	0	0	0	254	254	254	254	254	255	0	// Dark Breaker (1 UN)
1290	1290	2000	18	15	1	1	0	63	0	0	0	254	254	254	254	254	255	0	// Thunder Blade (1 UN)
1300	1300	3000	19	15	1	1	0	63	0	0	0	254	254	254	254	254	255	0	// Divine Sword of Archangel (1 UN)
1310	1310	3000	20	15	1	1	0	63	0	0	0	254	254	254	254	254	255	0	// Knight Blade (1 UN)
1320	1320	3000	21	15	1	1	0	63	0	0	0	254	254	254	254	254	255	0	// Dark Reign Blade (1 UN)
1330	1330	3000	22	15	1	1	0	63	0	0	0	254	254	254	254	254	255	0	// Bone Blade (1 UN)
1340	1340	3000	23	15	1	1	0	63	0	0	0	254	254	254	254	254	255	0	// Explosion Blade (1 UN)
1350	1350	3000	24	15	1	1	0	63	0	0	0	254	254	254	254	254	255	0	// Daybreak (1 UN)
1360	1360	4000	1538	15	1	1	0	63	0	0	0	255	255	255	255	255	255	0	// Dragon Lance (1 UN)
1370	1370	4000	1539	15	1	1	0	63	0	0	0	255	255	255	255	255	255	0	// Giant Trident (1 UN)
1380	1380	4000	1540	15	1	1	0	63	0	0	0	255	255	255	255	255	255	0	// Serpent Spear (1 UN)
1390	1390	4000	1541	15	1	1	0	63	0	0	0	255	255	255	255	255	255	0	// Double Poleaxe (1 UN)
1400	1400	4000	1542	15	1	1	0	63	0	0	0	255	255	255	255	255	255	0	// Halberd (1 UN)
1410	1410	4000	1543	15	1	1	0	63	0	0	0	255	255	255	255	255	255	0	// Berdysh (1 UN)
1420	1420	4000	1544	15	1	1	0	63	0	0	0	255	255	255	255	255	255	0	// Great Scythe (1 UN)
1430	1430	4000	1545	15	1	1	0	63	0	0	0	255	255	255	255	255	255	0	// Bill of Balrog (1 UN)
1440	1440	4000	1546	15	1	1	0	63	0	0	0	255	255	255	255	255	255	0	// Dragon Spear (1 UN)
1450	1450	15000	1547	15	1	1	0	63	0	0	0	255	255	255	255	255	255	0	// Beurova (1 UN)
1460	1460	2000	2051	15	1	1	0	63	0	0	0	255	255	255	255	255	255	0	// Battle Bow (1 UN)
1470	1470	2000	2052	15	1	1	0	63	0	0	0	255	255	255	255	255	255	0	// Tiger Bow (1 UN)
1480	1480	2000	2053	15	1	1	0	63	0	0	0	255	255	255	255	255	255	0	// Silver Bow (1 UN)
1490	1490	2000	2054	15	1	1	0	63	0	0	0	255	255	255	255	255	255	0	// Chaos Nature Bow (1 UN)
1500	1500	2000	2056	15	1	1	0	63	0	0	0	255	255	255	255	255	255	0	// Crossbow (1 UN)
1510	1510	2000	2057	15	1	1	0	63	0	0	0	255	255	255	255	255	255	0	// Golden Crossbow (1 UN)
1520	1520	2000	2058	15	1	1	0	63	0	0	0	255	255	255	255	255	255	0	// Arquebus (1 UN)
1530	1530	2000	2059	15	1	1	0	63	0	0	0	255	255	255	255	255	255	0	// Light Crossbow (1 UN)
1540	1540	2000	2060	15	1	1	0	63	0	0	0	255	255	255	255	255	255	0	// Serpent Crossbow (1 UN)
1550	1550	2000	2061	15	1	1	0	63	0	0	0	255	255	255	255	255	255	0	// Bluewing Crossbow (1 UN)
1560	1560	2000	2062	15	1	1	0	63	0	0	0	255	255	255	255	255	255	0	// Aquagold Crossbow (1 UN)
1570	1570	2000	2064	15	1	1	0	63	0	0	0	255	255	255	255	255	255	0	// Saint Crossbow (1 UN)
1580	1580	2000	2065	15	1	1	0	63	0	0	0	255	255	255	255	255	255	0	// Celestial Bow (1 UN)
1590	1590	2000	2066	15	1	1	0	63	0	0	0	255	255	255	255	255	255	0	// Divine Crossbow of Archangel (1 UN)
1600	1600	2000	2067	15	1	1	0	63	0	0	0	255	255	255	255	255	255	0	// Great Reign Crossbow (1 UN)
1610	1610	2000	2068	15	1	1	0	63	0	0	0	255	255	255	255	255	255	0	// Arrow Viper Bow (1 UN)
1620	1620	3000	2069	15	1	1	0	63	0	0	0	255	255	255	255	255	255	0	// Sylph Wind Bow (1 UN)
1630	1630	2000	3072	15	1	1	7	63	0	0	0	254	254	254	254	254	255	0	// Small Shield (1 UN)
1640	1640	2000	3073	15	1	1	7	63	0	0	0	254	254	254	254	254	255	0	// Horn Shield (1 UN)
1650	1650	3000	2070	15	1	1	0	63	0	0	0	255	255	255	255	255	255	0	// Albatross Bow (1 UN)
1660	1660	4000	2071	15	1	1	0	63	0	0	0	255	255	255	255	255	255	0	// Dark Stinger (1 UN)
1670	1670	4000	2072	15	1	1	0	63	0	0	0	255	255	255	255	255	255	0	// Aileen Bow (1 UN)
1680	1680	2000	3584	15	1	1	7	63	0	0	0	254	254	254	254	254	255	0	// Bronze Helm (1 UN)
1690	1690	2000	3585	15	1	1	7	63	0	0	0	254	254	254	254	254	255	0	// Dragon Helm (1 UN)
1700	1700	2000	3586	15	1	1	7	63	0	0	0	254	254	254	254	254	255	0	// Pad Helm (1 UN)
1710	1710	2000	3587	15	1	1	7	63	0	0	0	254	254	254	254	254	255	0	// Legendary Helm (1 UN)
1720	1720	2000	3588	15	1	1	7	63	0	0	0	254	254	254	254	254	255	0	// Bone Helm (1 UN)
1730	1730	2000	3589	15	1	1	7	63	0	0	0	254	254	254	254	254	255	0	// Leather Helm (1 UN)
1740	1740	2000	3590	15	1	1	7	63	0	0	0	254	254	254	254	254	255	0	// Scale Helm (1 UN)
1750	1750	2000	3591	15	1	1	7	63	0	0	0	254	254	254	254	254	255	0	// Sphinx Helm (1 UN)
1760	1760	2000	3592	15	1	1	7	63	0	0	0	254	254	254	254	254	255	0	// Brass Helm (1 UN)
1770	1770	2000	3593	15	1	1	7	63	0	0	0	254	254	254	254	254	255	0	// Plate Helm (1 UN)
1780	1780	2000	3594	15	1	1	7	63	0	0	0	254	254	254	254	254	255	0	// Vine Helm (1 UN)
1790	1790	2000	3595	15	1	1	7	63	0	0	0	254	254	254	254	254	255	0	// Silk Helm (1 UN)
1800	1800	2000	3596	15	1	1	7	63	0	0	0	254	254	254	254	254	255	0	// Wind Helm (1 UN)
1810	1810	2000	3597	15	1	1	7	63	0	0	0	254	254	254	254	254	255	0	// Spirit Helm (1 UN)
1820	1820	2000	3598	15	1	1	7	63	0	0	0	254	254	254	254	254	255	0	// Guardian Helm (1 UN)
1830	1830	2000	3600	15	1	1	7	63	0	0	0	254	254	254	254	254	255	0	// Black Dragon Helm (1 UN)
1840	1840	2000	3601	15	1	1	7	63	0	0	0	254	254	254	254	254	255	0	// Dark Phoenix Helm (1 UN)
1850	1850	2000	3602	15	1	1	7	63	0	0	0	254	254	254	254	254	255	0	// Grand Soul Helm (1 UN)
1860	1860	2000	3603	15	1	1	7	63	0	0	0	254	254	254	254	254	255	0	// Divine Helm (1 UN)
1870	1870	2000	3605	15	1	1	7	63	0	0	0	254	254	254	254	254	255	0	// Great Dragon Helm (1 UN)
1880	1880	2000	3606	15	1	1	7	63	0	0	0	254	254	254	254	254	255	0	// Dark Soul Helm (1 UN)
1890	1890	2000	3608	15	1	1	7	63	0	0	0	254	254	254	254	254	255	0	// Red Spirit Helm (1 UN)
1900	1900	2000	3609	15	1	1	7	63	0	0	0	254	254	254	254	254	255	0	// Light Plate Helm (1 UN)
1910	1910	2000	3610	15	1	1	7	63	0	0	0	254	254	254	254	254	255	0	// Adamantine Helm (1 UN)
1920	1920	2000	3611	15	1	1	7	63	0	0	0	254	254	254	254	254	255	0	// Dark Steel Helm (1 UN)
1930	1930	2000	3612	15	1	1	7	63	0	0	0	254	254	254	254	254	255	0	// Dark Master Helm (1 UN)
1940	1940	3000	3613	15	1	1	7	63	0	0	0	254	254	254	254	254	255	0	// Dragon Knight Helm (1 UN)
1950	1950	3000	3614	15	1	1	7	63	0	0	0	254	254	254	254	254	255	0	// Venom Mist Helm (1 UN)
1960	1960	3000	3615	15	1	1	7	63	0	0	0	254	254	254	254	254	255	0	// Sylphid Ray Helm (1 UN)
1970	1970	3000	3617	15	1	1	7	63	0	0	0	254	254	254	254	254	255	0	// Sunlight Helm (1 UN)
1980	1980	3000	3618	15	1	1	7	63	0	0	0	254	254	254	254	254	255	0	// Ashcrow Helm (1 UN)
1990	1990	3000	3619	15	1	1	7	63	0	0	0	254	254	254	254	254	255	0	// Eclipse Helm (1 UN)
2000	2000	3000	3620	15	1	1	7	63	0	0	0	254	254	254	254	254	255	0	// Iris Helm (1 UN)
2010	2010	3000	3622	15	1	1	7	63	0	0	0	254	254	254	254	254	255	0	// Glorious Helm (1 UN)
2020	2020	3000	3623	15	1	1	7	63	0	0	0	254	254	254	254	254	255	0	// Violent Wind Helm (1 UN)
2030	2030	3000	3624	15	1	1	7	63	0	0	0	254	254	254	254	254	255	0	// Red Wing Helm (1 UN)
2040	2040	3000	3625	15	1	1	7	63	0	0	0	254	254	254	254	254	255	0	// Ancient Helm (1 UN)
2050	2050	3000	3626	15	1	1	7	63	0	0	0	254	254	254	254	254	255	0	// Demonic Helm (1 UN)
2060	2060	3000	3627	15	1	1	7	63	0	0	0	254	254	254	254	254	255	0	// Storm Blitz Helm (1 UN)
2070	2070	4000	3629	15	1	1	7	63	0	0	0	254	254	254	254	254	255	0	// Titan Helm (1 UN)
2080	2080	4000	3630	15	1	1	7	63	0	0	0	254	254	254	254	254	255	0	// Brave Helm (1 UN)
2090	2090	2000	1024	15	1	1	0	63	0	0	0	254	254	254	254	254	255	0	// Mace (1 UN)
2100	2100	3000	1025	15	1	1	0	63	5	0	0	254	254	254	254	254	255	0	// Morning Star (1 UN)
2110	2110	2000	1026	15	1	1	0	63	0	0	0	254	254	254	254	254	255	0	// Flail (1 UN)
2120	2120	2000	1027	15	1	1	0	63	0	0	0	254	254	254	254	254	255	0	// Great Hammer (1 UN)
2130	2130	2000	1028	15	1	1	0	63	0	0	0	254	254	254	254	254	255	0	// Crystal Morning Star (1 UN)
2140	2140	2000	1029	15	1	1	0	63	0	0	0	254	254	254	254	254	255	0	// Crystal Sword (1 UN)
2150	2150	2000	1030	15	1	1	0	63	0	0	0	254	254	254	254	254	255	0	// Chaos Dragon Axe (1 UN)
2160	2160	2000	1031	15	1	1	0	63	0	0	0	254	254	254	254	254	255	0	// Elemental Mace (1 UN)
2170	2170	2000	1032	15	1	1	0	63	0	0	0	254	254	254	254	254	255	0	// Battle Scepter (1 UN)
2180	2180	2000	1033	15	1	1	0	63	0	0	0	254	254	254	254	254	255	0	// Master Scepter (1 UN)
2190	2190	2000	1034	15	1	1	0	63	0	0	0	254	254	254	254	254	255	0	// Great Scepter (1 UN)
2200	2200	2000	1035	15	1	1	0	63	0	0	0	254	254	254	254	254	255	0	// Lord Scepter (1 UN)
2210	2210	2000	1036	15	1	1	0	63	0	0	0	254	254	254	254	254	255	0	// Great Lord Scepter (1 UN)
2220	2220	2000	1037	15	1	1	0	63	0	0	0	254	254	254	254	254	255	0	// Divine Scepter of Archangel (1 UN)
2230	2230	2000	1038	15	1	1	0	63	0	0	0	254	254	254	254	254	255	0	// Soleil Sceptor (1 UN)
2240	2240	2000	1039	15	1	1	0	63	0	0	0	254	254	254	254	254	255	0	// Shining Scepter (1 UN)
2250	2250	2000	1040	15	1	1	0	63	0	0	0	254	254	254	254	254	255	0	// Frost Mace (1 UN)
2260	2260	4000	1041	15	1	1	0	63	0	0	0	254	254	254	254	254	255	0	// Absolute Scepter (1 UN)
2270	2270	4000	1042	15	1	1	0	63	0	0	0	254	254	254	254	254	255	0	// Striker Scepter (1 UN)
2280	2280	4000	3633	15	1	1	7	63	0	0	0	254	254	254	254	254	255	0	// Seraphim Helm (1 UN)
2290	2290	4000	3634	15	1	1	7	63	0	0	0	254	254	254	254	254	255	0	// Divine Helm (1 UN)
2300	2300	4000	3635	15	1	1	7	63	0	0	0	254	254	254	254	254	255	0	// Royal Helm (1 UN)
2310	2310	4000	3636	15	1	1	7	63	0	0	0	254	254	254	254	254	255	0	// Hades Helm (1 UN)
2320	2320	4000	3643	15	1	1	7	63	0	0	0	254	254	254	254	254	255	0	// Sacred Helm (1 UN)
2330	2330	4000	3644	15	1	1	7	63	0	0	0	254	254	254	254	254	255	0	// Storm Hard Helm (1 UN)
2340	2340	4000	3645	15	1	1	7	63	0	0	0	254	254	254	254	254	255	0	// Piercing Helm (1 UN)
2350	2350	4000	3657	15	1	1	7	63	0	0	0	254	254	254	254	254	255	0	// Phoenix Soul Helm (1 UN)
2360	2360	2000	4096	15	1	1	7	63	0	0	0	254	254	254	254	254	255	0	// Bronze Armor (1 UN)
2370	2370	2000	4097	15	1	1	7	63	0	0	0	254	254	254	254	254	255	0	// Dragon Armor (1 UN)
2380	2380	2000	4098	15	1	1	7	63	0	0	0	254	254	254	254	254	255	0	// Pad Armor (1 UN)
2390	2390	2000	4099	15	1	1	7	63	0	0	0	254	254	254	254	254	255	0	// Legendary Armor (1 UN)
2400	2400	2000	4100	15	1	1	7	63	0	0	0	254	254	254	254	254	255	0	// Bone Armor (1 UN)
2410	2410	2000	4101	15	1	1	7	63	0	0	0	254	254	254	254	254	255	0	// Leather Armor (1 UN)
2420	2420	2000	4102	15	1	1	7	63	0	0	0	254	254	254	254	254	255	0	// Scale Armor (1 UN)
2430	2430	2000	4103	15	1	1	7	63	0	0	0	254	254	254	254	254	255	0	// Sphinx Armor (1 UN)
2440	2440	2000	4104	15	1	1	7	63	0	0	0	254	254	254	254	254	255	0	// Brass Armor (1 UN)
2450	2450	2000	4105	15	1	1	7	63	0	0	0	254	254	254	254	254	255	0	// Plate Armor (1 UN)
2460	2460	2000	4106	15	1	1	7	63	0	0	0	254	254	254	254	254	255	0	// Vine Armor (1 UN)
2470	2470	2000	4107	15	1	1	7	63	0	0	0	254	254	254	254	254	255	0	// Silk Armor (1 UN)
2480	2480	2000	4108	15	1	1	7	63	0	0	0	254	254	254	254	254	255	0	// Wind Armor (1 UN)
2490	2490	2000	4109	15	1	1	7	63	0	0	0	254	254	254	254	254	255	0	// Spirit Armor (1 UN)
2500	2500	2000	4110	15	1	1	7	63	0	0	0	254	254	254	254	254	255	0	// Guardian Armor (1 UN)
2510	2510	2000	4111	15	1	1	7	63	0	0	0	254	254	254	254	254	255	0	// Storm Crow Armor (1 UN)
2520	2520	2000	4112	15	1	1	7	63	0	0	0	254	254	254	254	254	255	0	// Black Dragon Armor (1 UN)
2530	2530	2000	4113	15	1	1	7	63	0	0	0	254	254	254	254	254	255	0	// Dark Phoenix Armor (1 UN)
2540	2540	2000	4114	15	1	1	7	63	0	0	0	254	254	254	254	254	255	0	// Grand Soul Armor (1 UN)
2550	2550	2000	4115	15	1	1	7	63	0	0	0	254	254	254	254	254	255	0	// Divine Armor (1 UN)
2560	2560	2000	4116	15	1	1	7	63	0	0	0	254	254	254	254	254	255	0	// Thunder Hawk Armor (1 UN)
2570	2570	2000	4117	15	1	1	7	63	0	0	0	254	254	254	254	254	255	0	// Great Dragon Armor (1 UN)
2580	2580	2000	4118	15	1	1	7	63	0	0	0	254	254	254	254	254	255	0	// Dark Soul Armor (1 UN)
2590	2590	2000	4119	15	1	1	7	63	0	0	0	254	254	254	254	254	255	0	// Hurricane Armor (1 UN)
2600	2600	2000	4120	15	1	1	7	63	0	0	0	254	254	254	254	254	255	0	// Red Sprit Armor (1 UN)
2610	2610	2000	4121	15	1	1	7	63	0	0	0	254	254	254	254	254	255	0	// Light Plate Armor (1 UN)
2620	2620	2000	2560	15	1	1	0	63	0	0	0	254	254	254	254	254	255	0	// Skull Staff (1 UN)
2630	2630	2000	2561	15	1	1	7	63	0	0	0	254	254	254	254	254	255	0	// Angelic Staff (1 UN)
2640	2640	2000	2562	15	1	1	0	63	0	0	0	254	254	254	254	254	255	0	// Serpent Staff (1 UN)
2650	2650	2000	2563	15	1	1	0	63	0	0	0	254	254	254	254	254	255	0	// Thunder Staff (1 UN)
2660	2660	2000	2564	15	1	1	0	63	0	0	0	254	254	254	254	254	255	0	// Gorgon Staff (1 UN)
2670	2670	2000	2565	15	1	1	0	63	0	0	0	254	254	254	254	254	255	0	// Legendary Staff (1 UN)
2680	2680	2000	2566	15	1	1	0	63	0	0	0	254	254	254	254	254	255	0	// Staff of Resurrection (1 UN)
2690	2690	2000	2567	15	1	1	0	63	0	0	0	254	254	254	254	254	255	0	// Chaos Lighting Staff (1 UN)
2700	2700	2000	2568	15	1	1	0	63	0	0	0	254	254	254	254	254	255	0	// Staff of Destruction (1 UN)
2710	2710	2000	2569	15	1	1	0	63	0	0	0	254	254	254	254	254	255	0	// Dragon Soul Staff (1 UN)
2720	2720	3000	2570	15	1	1	0	63	0	0	0	254	254	254	254	254	255	0	// Divine Staff of Archangel (1 UN)
2730	2730	2000	2571	15	1	1	0	63	0	0	0	254	254	254	254	254	255	0	// Staff of Kundun (1 UN)
2740	2740	3000	2572	15	1	1	0	63	0	0	0	254	254	254	254	254	255	0	// Grand Viper Staff (1 UN)
2750	2750	3000	2573	15	1	1	0	63	0	0	0	254	254	254	254	254	255	0	// Platina Staff (1 UN)
2760	2760	2000	2574	15	1	1	0	63	0	0	0	254	254	254	254	254	255	0	// Mystery Stick (1 UN)
2770	2770	2000	2575	15	1	1	0	63	0	0	0	254	254	254	254	254	255	0	// Violent Wind Stick (1 UN)
2780	2780	2000	2576	15	1	1	0	63	0	0	0	254	254	254	254	254	255	0	// Red Wing Stick (1 UN)
2790	2790	2000	2577	15	1	1	0	63	0	0	0	254	254	254	254	254	255	0	// Ancient Stick (1 UN)
2800	2800	2000	2578	15	1	1	0	63	0	0	0	254	254	254	254	254	255	0	// Demonic Stick (1 UN)
2810	2810	2000	2579	15	1	1	0	63	0	0	0	254	254	254	254	254	255	0	// Storm Blitz Stick (1 UN)
2820	2820	2000	2581	15	1	1	0	63	0	0	0	254	254	254	254	254	255	0	// Book of Samut (1 UN)
2830	2830	2000	2582	15	1	1	0	63	0	0	0	254	254	254	254	254	255	0	// Book of Neil (1 UN)
2840	2840	2000	2583	15	1	1	0	63	0	0	0	254	254	254	254	254	255	0	// Book of Lagle (1 UN)
2850	2850	4000	2590	15	1	1	0	63	0	0	0	254	254	254	254	254	255	0	// Deadly Staff (1 UN)
2860	2860	4000	2591	15	1	1	0	63	0	0	0	254	254	254	254	254	255	0	// Inberial Staff (1 UN)
2870	2870	3000	2593	15	1	1	0	63	0	0	0	254	254	254	254	254	255	0	// Chromatic Staff (1 UN)
2880	2880	4000	2594	15	1	1	0	63	0	0	0	254	254	254	254	254	255	0	// Raven Stick (1 UN)
2890	2890	4000	2596	15	1	1	0	63	0	0	0	254	254	254	254	254	255	0	// Divine Stick of Archangel (1 UN)
2900	2900	2000	4122	15	1	1	7	63	0	0	0	254	254	254	254	254	255	0	// Adamantine Armor (1 UN)
2910	2910	2000	4123	15	1	1	7	63	0	0	0	254	254	254	254	254	255	0	// Dark Steel Armor (1 UN)
2920	2920	2000	4124	15	1	1	7	63	0	0	0	254	254	254	254	254	255	0	// Dark Master Armor (1 UN)
2930	2930	3000	4125	15	1	1	7	63	0	0	0	254	254	254	254	254	255	0	// Dragon Knight Armor (1 UN)
2940	2940	3000	4126	15	1	1	7	63	0	0	0	254	254	254	254	254	255	0	// Venom Mist Armor (1 UN)
2950	2950	3000	4127	15	1	1	7	63	0	0	0	254	254	254	254	254	255	0	// Sylphid Ray Armor (1 UN)
2960	2960	3000	4128	15	1	1	7	63	0	0	0	254	254	254	254	254	255	0	// Volcano Armor (1 UN)
2970	2970	3000	4129	15	1	1	7	63	0	0	0	254	254	254	254	254	255	0	// Sunlight Armor (1 UN)
2980	2980	3000	4130	15	1	1	7	63	0	0	0	254	254	254	254	254	255	0	// Ashcrow Armor (1 UN)
2990	2990	3000	4131	15	1	1	7	63	0	0	0	254	254	254	254	254	255	0	// Eclipse Armor (1 UN)
3000	3000	3000	4132	15	1	1	7	63	0	0	0	254	254	254	254	254	255	0	// Iris Armor (1 UN)
3010	3010	3000	4133	15	1	1	7	63	0	0	0	254	254	254	254	254	255	0	// Valiant Armor (1 UN)
3020	3020	3000	4134	15	1	1	7	63	0	0	0	254	254	254	254	254	255	0	// Glorious Armor (1 UN)
3030	3030	3000	4135	15	1	1	7	63	0	0	0	254	254	254	254	254	255	0	// Violent Wind Armor (1 UN)
3040	3040	3000	4136	15	1	1	7	63	0	0	0	254	254	254	254	254	255	0	// Red Wing Armor (1 UN)
3050	3050	3000	4137	15	1	1	7	63	0	0	0	254	254	254	254	254	255	0	// Ancient Armor (1 UN)
3060	3060	3000	4138	15	1	1	7	63	0	0	0	254	254	254	254	254	255	0	// Demonic Armor (1 UN)
3070	3070	3000	4139	15	1	1	7	63	0	0	0	254	254	254	254	254	255	0	// Storm Blitz Armor (1 UN)
3080	3080	4000	4141	15	1	1	7	63	0	0	0	254	254	254	254	254	255	0	// Titan Armor (1 UN)
3090	3090	4000	4142	15	1	1	7	63	0	0	0	254	254	254	254	254	255	0	// Brave Armor (1 UN)
3100	3100	4000	4143	15	1	1	7	63	0	0	0	254	254	254	254	254	255	0	// Phantom Armor (1 UN)
3110	3110	4000	4144	15	1	1	7	63	0	0	0	254	254	254	254	254	255	0	// Destroy Armor (1 UN)
3120	3120	4000	4145	15	1	1	7	63	0	0	0	254	254	254	254	254	255	0	// Seraphim Armor (1 UN)
3130	3130	4000	4146	15	1	1	7	63	0	0	0	254	254	254	254	254	255	0	// Divine Armor (1 UN)
3140	3140	4000	4147	15	1	1	7	63	0	0	0	254	254	254	254	254	255	0	// Royal Armor (1 UN)
3150	3150	4000	4148	15	1	1	7	63	0	0	0	254	254	254	254	254	255	0	// Hades Armor (1 UN)
3160	3160	4000	4155	15	1	1	7	63	0	0	0	254	254	254	254	254	255	0	// Sacred Armor (1 UN)
3170	3170	4000	4156	15	1	1	7	63	0	0	0	254	254	254	254	254	255	0	// Storm Hard Armor (1 UN)
3180	3180	4000	4157	15	1	1	7	63	0	0	0	254	254	254	254	254	255	0	// Piercing Armor (1 UN)
3190	3190	4000	4169	15	1	1	7	63	0	0	0	254	254	254	254	254	255	0	// Phoenix Soul Armor (1 UN)
3200	3200	2000	4608	15	1	1	7	63	0	0	0	254	254	254	254	254	255	0	// Bronze Pants (1 UN)
3210	3210	2000	3074	15	1	1	7	63	0	0	0	254	254	254	254	254	255	0	// Kite Shield (1 UN)
3220	3220	2000	3075	15	1	1	7	63	0	0	0	254	254	254	254	254	255	0	// Elven Shield (1 UN)
3230	3230	2000	3076	15	1	1	7	63	0	0	0	254	254	254	254	254	255	0	// Buckler (1 UN)
3240	3240	2000	3077	15	1	1	7	63	0	0	0	254	254	254	254	254	255	0	// Dragon Slayer Shield (1 UN)
3250	3250	2000	3078	15	1	1	7	63	0	0	0	254	254	254	254	254	255	0	// Skull Shield (1 UN)
3260	3260	2000	3079	15	1	1	7	63	0	0	0	254	254	254	254	254	255	0	// Spiked Shield (1 UN)
3270	3270	2000	3080	15	1	1	7	63	0	0	0	254	254	254	254	254	255	0	// Tower Shield (1 UN)
3280	3280	2000	3081	15	1	1	7	63	0	0	0	254	254	254	254	254	255	0	// Plate Shield (1 UN)
3290	3290	2000	3082	15	1	1	7	63	0	0	0	254	254	254	254	254	255	0	// Large Round Shield (1 UN)
3300	3300	2000	3083	15	1	1	7	63	0	0	0	254	254	254	254	254	255	0	// Serpent Shield (1 UN)
3310	3310	2000	3084	15	1	1	7	63	0	0	0	254	254	254	254	254	255	0	// Bronze Shield (1 UN)
3320	3320	2000	3085	15	1	1	7	63	0	0	0	254	254	254	254	254	255	0	// Dragon Shield (1 UN)
3330	3330	2000	3086	15	1	1	7	63	0	0	0	254	254	254	254	254	255	0	// Legendary Shield (1 UN)
3340	3340	2000	3087	15	1	1	7	63	0	0	0	254	254	254	254	254	255	0	// Grand Soul Shield (1 UN)
3350	3350	2000	3088	15	1	1	7	63	0	0	0	254	254	254	254	254	255	0	// Elemental Shield (1 UN)
3360	3360	4000	3089	15	1	1	7	63	0	0	0	254	254	254	254	254	255	0	// Crimson Glory (1 UN)
3370	3370	4000	3090	15	1	1	7	63	0	0	0	254	254	254	254	254	255	0	// Salamander Shield (1 UN)
3380	3380	4000	3091	15	1	1	7	63	0	0	0	254	254	254	254	254	255	0	// Frost Barrier (1 UN)
3390	3390	4000	3092	15	1	1	7	63	0	0	0	254	254	254	254	254	255	0	// Guardian Shield (1 UN)
3400	3400	4000	3093	15	1	1	7	63	0	0	0	254	254	254	254	254	255	0	// Cross Shield (1 UN)
3410	3410	2000	4609	15	1	1	7	63	0	0	0	254	254	254	254	254	255	0	// Dragon Pants (1 UN)
3420	3420	2000	4610	15	1	1	7	63	0	0	0	254	254	254	254	254	255	0	// Pad Pants (1 UN)
3430	3430	2000	4611	15	1	1	7	63	0	0	0	254	254	254	254	254	255	0	// Legendary Pants (1 UN)
3440	3440	2000	4612	15	1	1	7	63	0	0	0	254	254	254	254	254	255	0	// Bone Pants (1 UN)
3450	3450	2000	4613	15	1	1	7	63	0	0	0	254	254	254	254	254	255	0	// Leather Pants (1 UN)
3460	3460	2000	4614	15	1	1	7	63	0	0	0	254	254	254	254	254	255	0	// Scale Pants (1 UN)
3470	3470	2000	4615	15	1	1	7	63	0	0	0	254	254	254	254	254	255	0	// Sphinx Pants (1 UN)
3480	3480	2000	4616	15	1	1	7	63	0	0	0	254	254	254	254	254	255	0	// Brass Pants (1 UN)
3490	3490	2000	4617	15	1	1	7	63	0	0	0	254	254	254	254	254	255	0	// Plate Pants (1 UN)
3500	3500	2000	4618	15	1	1	7	63	0	0	0	254	254	254	254	254	255	0	// Vine Pants (1 UN)
3510	3510	2000	4619	15	1	1	7	63	0	0	0	254	254	254	254	254	255	0	// Silk Pants (1 UN)
3520	3520	2000	4620	15	1	1	7	63	0	0	0	254	254	254	254	254	255	0	// Wind Pants (1 UN)
3530	3530	2000	4621	15	1	1	7	63	0	0	0	254	254	254	254	254	255	0	// Spirit Pants (1 UN)
3540	3540	2000	4622	15	1	1	7	63	0	0	0	254	254	254	254	254	255	0	// Guardian Pants (1 UN)
3550	3550	2000	4623	15	1	1	7	63	0	0	0	254	254	254	254	254	255	0	// Storm Crow Pants (1 UN)
3560	3560	2000	4624	15	1	1	7	63	0	0	0	254	254	254	254	254	255	0	// Black Dragon Pants (1 UN)
3570	3570	2000	4625	15	1	1	7	63	0	0	0	254	254	254	254	254	255	0	// Dark Phoenix Pants (1 UN)
3580	3580	2000	4626	15	1	1	7	63	0	0	0	254	254	254	254	254	255	0	// Grand Soul Pants (1 UN)
3590	3590	2000	4627	15	1	1	7	63	0	0	0	254	254	254	254	254	255	0	// Divine Pants (1 UN)
3600	3600	2000	4628	15	1	1	7	63	0	0	0	254	254	254	254	254	255	0	// Thunder Hawk Pants (1 UN)
3610	3610	2000	4629	15	1	1	7	63	0	0	0	254	254	254	254	254	255	0	// Great Dragon Pants (1 UN)
3620	3620	2000	4630	15	1	1	7	63	0	0	0	254	254	254	254	254	255	0	// Dark Soul Pants (1 UN)
3630	3630	2000	4631	15	1	1	7	63	0	0	0	254	254	254	254	254	255	0	// Hurricane Pants (1 UN)
3640	3640	2000	4632	15	1	1	7	63	0	0	0	254	254	254	254	254	255	0	// Red Spirit Pants (1 UN)
3650	3650	2000	4633	15	1	1	7	63	0	0	0	254	254	254	254	254	255	0	// Light Plate Pants (1 UN)
3660	3660	2000	4634	15	1	1	7	63	0	0	0	254	254	254	254	254	255	0	// Adamantine Pants (1 UN)
3670	3670	2000	4635	15	1	1	7	63	0	0	0	254	254	254	254	254	255	0	// Dark Steel Pants (1 UN)
3680	3680	2000	4636	15	1	1	7	63	0	0	0	254	254	254	254	254	255	0	// Dark Master Pants (1 UN)
3690	3690	3000	4637	15	1	1	7	63	0	0	0	254	254	254	254	254	255	0	// Dragon Knight Pants (1 UN)
3700	3700	3000	4638	15	1	1	7	63	0	0	0	254	254	254	254	254	255	0	// Venom Mist Pants (1 UN)
3710	3710	3000	4639	15	1	1	7	63	0	0	0	254	254	254	254	254	255	0	// Sylphid Ray Pants (1 UN)
3720	3720	3000	4640	15	1	1	7	63	0	0	0	254	254	254	254	254	255	0	// Volcano Pants (1 UN)
3730	3730	3000	4641	15	1	1	7	63	0	0	0	254	254	254	254	254	255	0	// Sunlight Pants (1 UN)
3740	3740	3000	4642	15	1	1	7	63	0	0	0	254	254	254	254	254	255	0	// Ashcrow Pants (1 UN)
3750	3750	3000	4643	15	1	1	7	63	0	0	0	254	254	254	254	254	255	0	// Eclipse Pants (1 UN)
3760	3760	3000	4644	15	1	1	7	63	0	0	0	254	254	254	254	254	255	0	// Iris Pants (1 UN)
3770	3770	3000	4645	15	1	1	7	63	0	0	0	254	254	254	254	254	255	0	// Valiant Pants (1 UN)
3780	3780	3000	4646	15	1	1	7	63	0	0	0	254	254	254	254	254	255	0	// Glorious Pants (1 UN)
3790	3790	3000	4647	15	1	1	7	63	0	0	0	254	254	254	254	254	255	0	// Violent Wind Pants (1 UN)
3800	3800	3000	4648	15	1	1	7	63	0	0	0	254	254	254	254	254	255	0	// Red Wing Pants (1 UN)
3810	3810	3000	4649	15	1	1	7	63	0	0	0	254	254	254	254	254	255	0	// Ancient Pants (1 UN)
3820	3820	3000	4650	15	1	1	7	63	0	0	0	254	254	254	254	254	255	0	// Demonic Pants (1 UN)
3830	3830	3000	4651	15	1	1	7	63	0	0	0	254	254	254	254	254	255	0	// Storm Blitz Pants (1 UN)
3840	3840	4000	4653	15	1	1	7	63	0	0	0	254	254	254	254	254	255	0	// Titan  Pants (1 UN)
3850	3850	4000	4654	15	1	1	7	63	0	0	0	254	254	254	254	254	255	0	// Brave Pants (1 UN)
3860	3860	4000	4655	15	1	1	7	63	0	0	0	254	254	254	254	254	255	0	// Phantom  Pants (1 UN)
3870	3870	4000	4656	15	1	1	7	63	0	0	0	254	254	254	254	254	255	0	// Destroy Pants (1 UN)
3880	3880	4000	4657	15	1	1	7	63	0	0	0	254	254	254	254	254	255	0	// Seraphim Pants (1 UN)
3890	3890	4000	4658	15	1	1	7	63	0	0	0	254	254	254	254	254	255	0	// Divine Pants (1 UN)
3900	3900	4000	4659	15	1	1	7	63	0	0	0	254	254	254	254	254	255	0	// Royal Pants (1 UN)
3910	3910	4000	4660	15	1	1	7	63	0	0	0	254	254	254	254	254	255	0	// Hades Pants (1 UN)
3920	3920	4000	4667	15	1	1	7	63	0	0	0	254	254	254	254	254	255	0	// Sacred Pants (1 UN)
3930	3930	4000	4668	15	1	1	7	63	0	0	0	254	254	254	254	254	255	0	// Storm Hard Pants (1 UN)
3940	3940	4000	4669	15	1	1	7	63	0	0	0	254	254	254	254	254	255	0	// Piercing Pants (1 UN)
3950	3950	4000	4681	15	1	1	7	63	0	0	0	254	254	254	254	254	255	0	// Phoenix Soul Pants (1 UN)
3960	3960	2000	5120	15	1	1	7	63	0	0	0	254	254	254	254	254	255	0	// Bronze Gloves (1 UN)
3970	3970	2000	5121	15	1	1	7	63	0	0	0	254	254	254	254	254	255	0	// Dragon Gloves (1 UN)
3980	3980	2000	5122	15	1	1	7	63	0	0	0	254	254	254	254	254	255	0	// Pad Gloves (1 UN)
3990	3990	2000	5123	15	1	1	7	63	0	0	0	254	254	254	254	254	255	0	// Legendary Gloves (1 UN)
4000	4000	2000	5124	15	1	1	7	63	0	0	0	254	254	254	254	254	255	0	// Bone Gloves (1 UN)
4010	4010	2000	5125	15	1	1	7	63	0	0	0	254	254	254	254	254	255	0	// Leather Gloves (1 UN)
4020	4020	2000	5126	15	1	1	7	63	0	0	0	254	254	254	254	254	255	0	// Scale Gloves (1 UN)
4030	4030	2000	5127	15	1	1	7	63	0	0	0	254	254	254	254	254	255	0	// Sphinx Gloves (1 UN)
4040	4040	2000	5128	15	1	1	7	63	0	0	0	254	254	254	254	254	255	0	// Brass Gloves (1 UN)
4050	4050	2000	5129	15	1	1	7	63	0	0	0	254	254	254	254	254	255	0	// Plate Gloves (1 UN)
4060	4060	2000	5130	15	1	1	7	63	0	0	0	254	254	254	254	254	255	0	// Vine Gloves (1 UN)
4070	4070	2000	5131	15	1	1	7	63	0	0	0	254	254	254	254	254	255	0	// Silk Gloves (1 UN)
4080	4080	2000	5132	15	1	1	7	63	0	0	0	254	254	254	254	254	255	0	// Wind Gloves (1 UN)
4090	4090	2000	5133	15	1	1	7	63	0	0	0	254	254	254	254	254	255	0	// Spirit Gloves (1 UN)
4100	4100	2000	5134	15	1	1	7	63	0	0	0	254	254	254	254	254	255	0	// Guardian Gloves (1 UN)
4110	4110	2000	5135	15	1	1	7	63	0	0	0	254	254	254	254	254	255	0	// Storm Crow Gloves (1 UN)
4120	4120	2000	5136	15	1	1	7	63	0	0	0	254	254	254	254	254	255	0	// Black Dragon Gloves (1 UN)
4130	4130	2000	5137	15	1	1	7	63	0	0	0	254	254	254	254	254	255	0	// Dark Phoenix Gloves (1 UN)
4140	4140	2000	5138	15	1	1	7	63	0	0	0	254	254	254	254	254	255	0	// Grand Soul Gloves (1 UN)
4150	4150	2000	5139	15	1	1	7	63	0	0	0	254	254	254	254	254	255	0	// Divine Gloves (1 UN)
4160	4160	2000	5140	15	1	1	7	63	0	0	0	254	254	254	254	254	255	0	// Thunder Hawk Gloves (1 UN)
4170	4170	2000	5141	15	1	1	7	63	0	0	0	254	254	254	254	254	255	0	// Great Dragon Gloves (1 UN)
4180	4180	2000	5142	15	1	1	7	63	0	0	0	254	254	254	254	254	255	0	// Dark Soul Gloves (1 UN)
4190	4190	2000	5143	15	1	1	7	63	0	0	0	254	254	254	254	254	255	0	// Hurricane Gloves (1 UN)
4200	4200	2000	5144	15	1	1	7	63	0	0	0	254	254	254	254	254	255	0	// Red Spirit Gloves (1 UN)
4210	4210	2000	5145	15	1	1	7	63	0	0	0	254	254	254	254	254	255	0	// Light Plate Gloves (1 UN)
4220	4220	2000	5146	15	1	1	7	63	0	0	0	254	254	254	254	254	255	0	// Adamantine Gloves (1 UN)
4230	4230	2000	5147	15	1	1	7	63	0	0	0	254	254	254	254	254	255	0	// Dark Steel Gloves (1 UN)
4240	4240	2000	5148	15	1	1	7	63	0	0	0	254	254	254	254	254	255	0	// Dark Master Gloves (1 UN)
4250	4250	3000	5149	15	1	1	7	63	0	0	0	254	254	254	254	254	255	0	// Dragon Knight Gloves (1 UN)
4260	4260	3000	5150	15	1	1	7	63	0	0	0	254	254	254	254	254	255	0	// Venom Mist Gloves (1 UN)
4270	4270	3000	5151	15	1	1	7	63	0	0	0	254	254	254	254	254	255	0	// Sylphid Ray Gloves (1 UN)
4280	4280	3000	5152	15	1	1	7	63	0	0	0	254	254	254	254	254	255	0	// Volcano Gloves (1 UN)
4290	4290	3000	5153	15	1	1	7	63	0	0	0	254	254	254	254	254	255	0	// Sunlight Gloves (1 UN)
4300	4300	3000	5154	15	1	1	7	63	0	0	0	254	254	254	254	254	255	0	// Ashcrow Gloves (1 UN)
4310	4310	3000	5155	15	1	1	7	63	0	0	0	254	254	254	254	254	255	0	// Eclipse Gloves (1 UN)
4320	4320	3000	5156	15	1	1	7	63	0	0	0	254	254	254	254	254	255	0	// Iris Gloves (1 UN)
4330	4330	3000	5157	15	1	1	7	63	0	0	0	254	254	254	254	254	255	0	// Valiant Gloves (1 UN)
4340	4340	3000	5158	15	1	1	7	63	0	0	0	254	254	254	254	254	255	0	// Glorious Gloves (1 UN)
4350	4350	3000	5159	15	1	1	7	63	0	0	0	254	254	254	254	254	255	0	// Violent Wind Gloves (1 UN)
4360	4360	3000	5160	15	1	1	7	63	0	0	0	254	254	254	254	254	255	0	// Red Wing Gloves (1 UN)
4370	4370	3000	5161	15	1	1	7	63	0	0	0	254	254	254	254	254	255	0	// Ancient Gloves (1 UN)
4380	4380	3000	5162	15	1	1	7	63	0	0	0	254	254	254	254	254	255	0	// Demonic Gloves (1 UN)
4390	4390	3000	5163	15	1	1	7	63	0	0	0	254	254	254	254	254	255	0	// Storm Blitz Gloves (1 UN)
4400	4400	4000	5165	15	1	1	7	63	0	0	0	254	254	254	254	254	255	0	// Titan  Gloves (1 UN)
4410	4410	4000	5166	15	1	1	7	63	0	0	0	254	254	254	254	254	255	0	// Brave Gloves (1 UN)
4420	4420	4000	5167	15	1	1	7	63	0	0	0	254	254	254	254	254	255	0	// Phantom  Gloves (1 UN)
4430	4430	4000	5168	15	1	1	7	63	0	0	0	254	254	254	254	254	255	0	// Destroy Gloves (1 UN)
4440	4440	4000	5169	15	1	1	7	63	0	0	0	254	254	254	254	254	255	0	// Seraphim Gloves (1 UN)
4450	4450	4000	5170	15	1	1	7	63	0	0	0	254	254	254	254	254	255	0	// Divine Gloves (1 UN)
4460	4460	4000	5171	15	1	1	7	63	0	0	0	254	254	254	254	254	255	0	// Royal Gloves (1 UN)
4470	4470	4000	5172	15	1	1	7	63	0	0	0	254	254	254	254	254	255	0	// Hades Gloves (1 UN)
4480	4480	2000	5632	15	1	1	7	63	0	0	0	255	255	255	255	255	255	0	// Bronze Boots (1 UN)
4490	4490	2000	5633	15	1	1	7	63	0	0	0	255	255	255	255	255	255	0	// Dragon Boots (1 UN)
4500	4500	2000	5634	15	1	1	7	63	0	0	0	255	255	255	255	255	255	0	// Pad Boots (1 UN)
4510	4510	2000	5635	15	1	1	7	63	0	0	0	255	255	255	255	255	255	0	// Legendary Boots (1 UN)
4520	4520	2000	5636	15	1	1	7	63	0	0	0	255	255	255	255	255	255	0	// Bone Boots (1 UN)
4530	4530	2000	5637	15	1	1	7	63	0	0	0	255	255	255	255	255	255	0	// Leather Boots (1 UN)
4540	4540	2000	5638	15	1	1	7	63	0	0	0	255	255	255	255	255	255	0	// Scale Boots (1 UN)
4550	4550	2000	5639	15	1	1	7	63	0	0	0	255	255	255	255	255	255	0	// Sphinx Boots (1 UN)
4560	4560	2000	5640	15	1	1	7	63	0	0	0	255	255	255	255	255	255	0	// Brass Boots (1 UN)
4570	4570	2000	5641	15	1	1	7	63	0	0	0	255	255	255	255	255	255	0	// Plate Boots (1 UN)
4580	4580	2000	5642	15	1	1	7	63	0	0	0	255	255	255	255	255	255	0	// Vine Boots (1 UN)
4590	4590	2000	5643	15	1	1	7	63	0	0	0	255	255	255	255	255	255	0	// Silk Boots (1 UN)
4600	4600	2000	5644	15	1	1	7	63	0	0	0	255	255	255	255	255	255	0	// Wind Boots (1 UN)
4610	4610	2000	5645	15	1	1	7	63	0	0	0	255	255	255	255	255	255	0	// Spirit Boots (1 UN)
4620	4620	2000	5646	15	1	1	7	63	0	0	0	255	255	255	255	255	255	0	// Guardian Boots (1 UN)
4630	4630	2000	5647	15	1	1	7	63	0	0	0	255	255	255	255	255	255	0	// Storm Crow Boots (1 UN)
4640	4640	2000	5648	15	1	1	7	63	0	0	0	255	255	255	255	255	255	0	// Black Dragon Boots (1 UN)
4650	4650	2000	5649	15	1	1	7	63	0	0	0	255	255	255	255	255	255	0	// Dark Phoenix Boots (1 UN)
4660	4660	2000	5650	15	1	1	7	63	0	0	0	255	255	255	255	255	255	0	// Grand Soul Boots (1 UN)
4670	4670	2000	5651	15	1	1	7	63	0	0	0	255	255	255	255	255	255	0	// Divine Boots (1 UN)
4680	4680	2000	5652	15	1	1	7	63	0	0	0	255	255	255	255	255	255	0	// Thunder Hawk Boots (1 UN)
4690	4690	2000	5653	15	1	1	7	63	0	0	0	255	255	255	255	255	255	0	// Great Dragon Boots (1 UN)
4700	4700	2000	5654	15	1	1	7	63	0	0	0	255	255	255	255	255	255	0	// Dark Soul Boots (1 UN)
4710	4710	2000	5655	15	1	1	7	63	0	0	0	255	255	255	255	255	255	0	// Hurricane Boots (1 UN)
4720	4720	2000	5656	15	1	1	7	63	0	0	0	255	255	255	255	255	255	0	// Red Spirit Boots (1 UN)
4730	4730	2000	5657	15	1	1	7	63	0	0	0	255	255	255	255	255	255	0	// Light Plate Boots (1 UN)
4740	4740	2000	5658	15	1	1	7	63	0	0	0	255	255	255	255	255	255	0	// Adamantine Boots (1 UN)
4750	4750	2000	5659	15	1	1	7	63	0	0	0	255	255	255	255	255	255	0	// Dark Steel Boots (1 UN)
4760	4760	2000	5660	15	1	1	7	63	0	0	0	255	255	255	255	255	255	0	// Dark Master Boots (1 UN)
4770	4770	3000	5661	15	1	1	7	63	0	0	0	255	255	255	255	255	255	0	// Dragon Knight Boots (1 UN)
4780	4780	3000	5662	15	1	1	7	63	0	0	0	255	255	255	255	255	255	0	// Venom Mist Boots (1 UN)
4790	4790	3000	5663	15	1	1	7	63	0	0	0	255	255	255	255	255	255	0	// Sylphid Ray Boots (1 UN)
4800	4800	3000	5664	15	1	1	7	63	0	0	0	255	255	255	255	255	255	0	// Volcano Boots (1 UN)
4810	4810	3000	5665	15	1	1	7	63	0	0	0	255	255	255	255	255	255	0	// Sunlight Boots (1 UN)
4820	4820	3000	5666	15	1	1	7	63	0	0	0	255	255	255	255	255	255	0	// Ashcrow Boots (1 UN)
4830	4830	3000	5667	15	1	1	7	63	0	0	0	255	255	255	255	255	255	0	// Eclipse Boots (1 UN)
4840	4840	3000	5668	15	1	1	7	63	0	0	0	255	255	255	255	255	255	0	// Iris Boots (1 UN)
4850	4850	3000	5669	15	1	1	7	63	0	0	0	255	255	255	255	255	255	0	// Valiant Boots (1 UN)
4860	4860	3000	5670	15	1	1	7	63	0	0	0	255	255	255	255	255	255	0	// Glorious Boots (1 UN)
4870	4870	3000	5671	15	1	1	7	63	0	0	0	255	255	255	255	255	255	0	// Violent Wind Boots (1 UN)
4880	4880	3000	5672	15	1	1	7	63	0	0	0	255	255	255	255	255	255	0	// Red Wing Boots (1 UN)
4890	4890	3000	5673	15	1	1	7	63	0	0	0	255	255	255	255	255	255	0	// Ancient Boots (1 UN)
4900	4900	3000	5674	15	1	1	7	63	0	0	0	255	255	255	255	255	255	0	// Demonic Boots (1 UN)
4910	4910	3000	5675	15	1	1	7	63	0	0	0	255	255	255	255	255	255	0	// Storm Blitz Boots (1 UN)
4920	4920	4000	5677	15	1	1	7	63	0	0	0	255	255	255	255	255	255	0	// Titan Boots (1 UN)
4930	4930	4000	5678	15	1	1	7	63	0	0	0	255	255	255	255	255	255	0	// Brave Boots (1 UN)
4940	4940	4000	5679	15	1	1	7	63	0	0	0	255	255	255	255	255	255	0	// Phantom Boots (1 UN)
4950	4950	4000	5680	15	1	1	7	63	0	0	0	255	255	255	255	255	255	0	// Destroy Boots (1 UN)
4960	4960	4000	5681	15	1	1	7	63	0	0	0	255	255	255	255	255	255	0	// Seraphim Boots (1 UN)
4970	4970	4000	5682	15	1	1	7	63	0	0	0	255	255	255	255	255	255	0	// Divine Boots (1 UN)
4980	4980	4000	5683	15	1	1	7	63	0	0	0	255	255	255	255	255	255	0	// Royal Boots (1 UN)
4990	4990	4000	5684	15	1	1	7	63	0	0	0	255	255	255	255	255	255	0	// Hades Boots (1 UN)
5000	5000	4000	5691	15	1	1	7	63	0	0	0	255	255	255	255	255	255	0	// Sacred Boots (1 UN)
5010	5010	4000	5692	15	1	1	7	63	0	0	0	255	255	255	255	255	255	0	// Storm Hard Boots (1 UN)
5020	5020	4000	5693	15	1	1	7	63	0	0	0	255	255	255	255	255	255	0	// Piercing Boots (1 UN)
5030	5030	4000	5705	15	1	1	7	63	0	0	0	255	255	255	255	255	255	0	// Phoenix Soul Boots (1 UN)
5040	5040	3000	6147	15	1	1	7	31	0	0	0	255	255	255	255	255	255	0	// Wings of Spirits (1 UN)
5050	5050	3000	6148	15	1	1	7	31	0	0	0	255	255	255	255	255	255	0	// Wings of Soul (1 UN)
5060	5060	3000	6149	15	1	1	7	31	0	0	0	255	255	255	255	255	255	0	// Wings of Dragon (1 UN)
5070	5070	3000	6150	15	1	1	7	31	0	0	0	255	255	255	255	255	255	0	// Wings of Darkness (1 UN)
5080	5080	3000	6186	15	1	1	7	31	0	0	0	255	255	255	255	255	255	0	// Wind of Despair (1 UN)
5090	5090	3000	6193	15	1	1	7	31	0	0	0	255	255	255	255	255	255	0	// Cloak of Warrior (1 UN)
5100	5100	3000	6686	15	1	1	7	31	0	0	0	255	255	255	255	255	255	0	// Cape of Lord (1 UN)
5110	5110	5000	6180	15	1	1	7	31	0	0	0	255	255	255	255	255	255	0	// Wing of Storm (1 UN)
5120	5120	5000	6181	15	1	1	7	31	0	0	0	255	255	255	255	255	255	0	// Wing of Eternal (1 UN)
5130	5130	5000	6182	15	1	1	7	31	0	0	0	255	255	255	255	255	255	0	// Wing of Illusion (1 UN)
5140	5140	5000	6183	15	1	1	7	31	0	0	0	255	255	255	255	255	255	0	// Wing of Ruin (1 UN)
5150	5150	5000	6184	15	1	1	7	31	0	0	0	255	255	255	255	255	255	0	// Cape of Emperor (1 UN)
5160	5160	5000	6187	15	1	1	7	31	0	0	0	255	255	255	255	255	255	0	// Wing of Dimension (1 UN)
5170	5170	5000	6194	15	1	1	7	31	0	0	0	255	255	255	255	255	255	0	// Lord of the Cape (1 UN)
5180	5180	3000	6147	15	1	1	0	63	0	0	0	254	254	254	254	254	255	0	// Wings of Spirits (1 UN)
5190	5190	3000	6148	15	1	1	0	63	0	0	0	254	254	254	254	254	255	0	// Wings of Soul (1 UN)
5200	5200	3000	6149	15	1	1	0	63	0	0	0	254	254	254	254	254	255	0	// Wings of Dragon (1 UN)
5210	5210	3000	6150	15	1	1	0	63	0	0	0	254	254	254	254	254	255	0	// Wings of Darkness (1 UN)
5220	5220	3000	6186	15	1	1	0	63	0	0	0	254	254	254	254	254	255	0	// Wind of Despair (1 UN)
5230	5230	3000	6193	15	1	1	0	63	0	0	0	254	254	254	254	254	255	0	// Cloak of Warrior (1 UN)
5240	5240	3000	6686	15	1	1	0	63	0	0	0	254	254	254	254	254	255	0	// Cape of Lord (1 UN)
5250	5250	4500	6180	15	1	1	0	63	0	0	0	254	254	254	254	254	255	0	// Wing of Storm (1 UN)
5260	5260	4500	6181	15	1	1	0	63	0	0	0	254	254	254	254	254	255	0	// Wing of Eternal (1 UN)
5270	5270	4500	6182	15	1	1	0	63	0	0	0	254	254	254	254	254	255	0	// Wing of Illusion (1 UN)
5280	5280	4500	6183	15	1	1	0	63	0	0	0	254	254	254	254	254	255	0	// Wing of Ruin (1 UN)
5290	5290	4500	6187	15	1	1	0	63	0	0	0	254	254	254	254	254	255	0	// Wing of Dimension (1 UN)
5300	5300	4500	6184	15	1	1	0	63	0	0	0	254	254	254	254	254	255	0	// Cape of Emperor (1 UN)
5310	5310	4500	6194	15	1	1	0	63	0	0	0	254	254	254	254	254	255	0	// Lord of the Cape (1 UN)
5320	5320	6000	6294	15	1	1	7	63	0	0	0	254	254	254	254	254	255	0	// Wings Of Dragon (Demonic) (1 UN)
5330	5330	6000	6295	15	1	1	7	63	0	0	0	254	254	254	254	254	255	0	// Wings Of Soul (Demonic) (1 UN)
5340	5340	6000	6296	15	1	1	7	63	0	0	0	254	254	254	254	254	255	0	// Wings Of Darkness (Demonic) (1 UN)
5350	5350	6000	6297	15	1	1	7	63	0	0	0	254	254	254	254	254	255	0	// Wings Of Spirits (Demonic) (1 UN)
5360	5360	6000	6299	15	1	1	7	63	0	0	0	254	254	254	254	254	255	0	// Wings Of Despair (Demonic) (1 UN)
5370	5370	6000	6298	15	1	1	7	63	0	0	0	254	254	254	254	254	255	0	// Cape Of Lord (Demonic) (1 UN)
5380	5380	6000	6300	15	1	1	7	63	0	0	0	254	254	254	254	254	255	0	// Cloak Of Warrior (Demonic) (1 UN)
5390	5390	7000	6324	15	1	1	7	63	0	0	0	254	254	254	254	254	255	0	// Wings of Chaos (1 UN)
5400	5400	7000	6325	15	1	1	7	63	0	0	0	254	254	254	254	254	255	0	// Wings of Magic (1 UN)
5410	5410	7000	6326	15	1	1	7	63	0	0	0	254	254	254	254	254	255	0	// Wings of Life (1 UN)
5420	5420	7000	6327	15	1	1	7	63	0	0	0	254	254	254	254	254	255	0	// Cloak of Death (1 UN)
5430	5430	7000	6328	15	1	1	7	63	0	0	0	254	254	254	254	254	255	0	// Wings of Conqueror Blue (1 UN)
5440	5440	7000	6329	15	1	1	7	63	0	0	0	254	254	254	254	254	255	0	// Wings of Angel and Devil (1 UN)
5450	5450	7000	6330	15	1	1	7	63	0	0	0	254	254	254	254	254	255	0	// Heavenly Wings (1 UN)
5460	5460	7000	6331	15	1	1	7	63	0	0	0	254	254	254	254	254	255	0	// Avatar Wings (1 UN)
5470	5470	7000	6332	15	1	1	7	63	0	0	0	254	254	254	254	254	255	0	// Orb Wings (1 UN)
5480	5480	7000	6333	15	1	1	7	63	0	0	0	254	254	254	254	254	255	0	// Fall Wings (1 UN)
5490	5490	7000	6334	15	1	1	7	63	0	0	0	254	254	254	254	254	255	0	// Control Cloak (1 UN)
5500	5500	7000	6335	15	1	1	7	63	0	0	0	254	254	254	254	254	255	0	// The Wings (1 UN)
5510	5510	7000	6336	15	1	1	7	63	0	0	0	254	254	254	254	254	255	0	// Referre Cloak (1 UN)
5520	5520	7000	6337	15	1	1	7	63	0	0	0	254	254	254	254	254	255	0	// Cloak of Limit (1 UN)
5530	5530	7000	6338	15	1	1	7	63	0	0	0	254	254	254	254	254	255	0	// Cloak of Transcendence (1 UN)
5540	5540	7000	6339	15	1	1	7	63	0	0	0	254	254	254	254	254	255	0	// Wings Of Conqueror (1 UN)
5550	5550	7000	6340	15	1	1	7	63	0	0	0	254	254	254	254	254	255	0	// Wings of Disillusionment (1 UN)
5560	5560	7000	6341	15	1	1	7	63	0	0	0	254	254	254	254	254	255	0	// Wings of Fate (1 UN)
5570	5570	10000	6342	15	1	1	7	63	0	0	0	254	254	254	254	254	255	0	// Wings Of Conqueror Pro (1 UN)
5580	5580	10000	6343	15	1	1	7	63	0	0	0	254	254	254	254	254	255	0	// Capa de luz (1 UN)
5590	5590	10000	6344	15	1	1	7	63	0	0	0	254	254	254	254	254	255	0	// Capa LemonPie (1 UN)
5600	5600	10000	6345	15	1	1	7	63	0	0	0	254	254	254	254	254	255	0	// Capa Mitologica (1 UN)
5610	5610	10000	6346	15	1	1	7	63	0	0	0	254	254	254	254	254	255	0	// Capa del Angel Blanco (1 UN)
5620	5620	10000	6347	15	1	1	7	63	0	0	0	254	254	254	254	254	255	0	// Capa del Se?or Oscuro (1 UN)
5630	5630	10000	6348	15	1	1	7	63	0	0	0	254	254	254	254	254	255	0	// Lava Wings Pro (1 UN)
5640	5640	10000	6349	15	1	1	7	63	0	0	0	254	254	254	254	254	255	0	// IceBlue Wings Pro (1 UN)
5650	5650	10000	6350	15	1	1	7	63	0	0	0	254	254	254	254	254	255	0	// RoxiWings Pro (1 UN)
5660	5660	10000	6351	15	1	1	7	63	0	0	0	254	254	254	254	254	255	0	// Extremis Wings Pro (1 UN)
5670	5670	10000	6352	15	1	1	7	63	0	0	0	254	254	254	254	254	255	0	// Origin Wings V1 (1 UN)
5680	5680	10000	6353	15	1	1	7	63	0	0	0	254	254	254	254	254	255	0	// Origin Wings V2 (1 UN)
5690	5690	10000	6354	15	1	1	7	63	0	0	0	254	254	254	254	254	255	0	// Divine Of Wings (1 UN)
5700	5700	10000	6355	15	1	1	7	63	0	0	0	254	254	254	254	254	255	0	// Wings Of Titanium (1 UN)
5710	5710	10000	6356	15	1	1	7	63	0	0	0	254	254	254	254	254	255	0	// Wings Divine Max (1 UN)
5720	5720	10000	6357	15	1	1	7	63	0	0	0	254	254	254	254	254	255	0	// Wing Angel King (1 UN)
5730	5730	10000	6358	15	1	1	7	63	0	0	0	254	254	254	254	254	255	0	// Avatar Purple Wings (1 UN)
5740	5740	10000	6359	15	1	1	7	63	0	0	0	254	254	254	254	254	255	0	// Shigun Wings Pro (1 UN)
5750	5750	10000	6360	15	1	1	7	63	0	0	0	254	254	254	254	254	255	0	// King Of Blue Wings (1 UN)
5760	5760	10000	6361	15	1	1	7	63	0	0	0	254	254	254	254	254	255	0	// King Of Gold Wings (1 UN)
5770	5770	10000	6362	15	1	1	7	63	0	0	0	254	254	254	254	254	255	0	// ProGreen Wings (1 UN)
5780	5780	10000	6363	15	1	1	7	63	0	0	0	254	254	254	254	254	255	0	// Archangel Wings (1 UN)
5790	5790	10000	6364	15	1	1	7	63	0	0	0	254	254	254	254	254	255	0	// Kristal Gold Wings (1 UN)
5800	5800	10000	6365	15	1	1	7	63	0	0	0	254	254	254	254	254	255	0	// Wings Of Fenix (1 UN)
5810	5810	10000	6366	15	1	1	7	63	0	0	0	254	254	254	254	254	255	0	// Wings GoldPro V2 (1 UN)
5820	5820	10000	6367	15	1	1	7	63	0	0	0	254	254	254	254	254	255	0	// Wings God Knight (1 UN)
5830	5830	10000	6368	15	1	1	7	63	0	0	0	254	254	254	254	254	255	0	// Wings Of Sony (1 UN)
5840	5840	10000	6369	15	1	1	7	63	0	0	0	254	254	254	254	254	255	0	// Wings Of Angel Pro (1 UN)
5850	5850	10000	6370	15	1	1	7	63	0	0	0	254	254	254	254	254	255	0	// Wings Of DarkRaven (1 UN)
5860	5860	10000	6371	15	1	1	7	63	0	0	0	254	254	254	254	254	255	0	// Wings Of Gold V1 (1 UN)
5870	5870	10000	6372	15	1	1	7	63	0	0	0	254	254	254	254	254	255	0	// Wings Celestial Green (1 UN)
5880	5880	10000	6373	15	1	1	7	63	0	0	0	254	254	254	254	254	255	0	// Wings Celestial King (1 UN)
5890	5890	10000	6374	15	1	1	7	63	0	0	0	254	254	254	254	254	255	0	// Wings GoldenBlue (1 UN)
5900	5900	10000	6375	15	1	1	7	63	0	0	0	254	254	254	254	254	255	0	// Wings GoldenGold (1 UN)
5910	5910	10000	6376	15	1	1	7	63	0	0	0	254	254	254	254	254	255	0	// Lairiz Gold Wings (1 UN)
5920	5920	10000	6377	15	1	1	7	63	0	0	0	254	254	254	254	254	255	0	// Daemon King Wings (1 UN)
5930	5930	10000	6378	15	1	1	7	63	0	0	0	254	254	254	254	254	255	0	// Aion Wing Celeste (1 UN)
5940	5940	10000	6379	15	1	1	7	63	0	0	0	254	254	254	254	254	255	0	// Aion Wing Violeta (1 UN)
5950	5950	10000	6380	15	1	1	7	63	0	0	0	254	254	254	254	254	255	0	// Wings Vilen King (1 UN)
5960	5960	10000	6381	15	1	1	7	63	0	0	0	254	254	254	254	254	255	0	// Wings Of Purple (1 UN)
5970	5970	10000	6382	15	1	1	7	63	0	0	0	254	254	254	254	254	255	0	// Wings FireBlue (1 UN)
5980	5980	10000	6383	15	1	1	7	63	0	0	0	254	254	254	254	254	255	0	// Wings FireRed (1 UN)
5990	5990	10000	6384	15	1	1	7	63	0	0	0	254	254	254	254	254	255	0	// Wings BlueDance (1 UN)
6000	6000	10000	6385	15	1	1	7	63	0	0	0	254	254	254	254	254	255	0	// Cloak BlueDance (1 UN)
6010	6010	10000	6386	15	1	1	7	63	0	0	0	254	254	254	254	254	255	0	// Red Of Dragon Wings (1 UN)
6020	6020	10000	6387	15	1	1	7	63	0	0	0	254	254	254	254	254	255	0	// HellMain Wings (1 UN)
6030	6030	10000	6388	15	1	1	7	63	0	0	0	254	254	254	254	254	255	0	// DaemonBlue Wings (1 UN)
6040	6040	10000	6395	15	1	1	7	63	0	0	0	254	254	254	254	254	255	0	// Alas de la Destruccion (1 UN)
6050	6050	10000	6396	15	1	1	7	63	0	0	0	254	254	254	254	254	255	0	// Alas de la Vida (1 UN)
6060	6060	10000	6397	15	1	1	7	63	0	0	0	254	254	254	254	254	255	0	// Wings Of Power (1 UN)
6070	6070	10000	6398	15	1	1	7	63	0	0	0	254	254	254	254	254	255	0	// Maya's Wings (1 UN)
6080	6080	10000	6399	15	1	1	7	63	0	0	0	254	254	254	254	254	255	0	// CollectorWings Purple (1 UN)
6090	6090	10000	6400	15	1	1	7	63	0	0	0	254	254	254	254	254	255	0	// CollectorWings Red (1 UN)
6100	6100	10000	6401	15	1	1	7	63	0	0	0	254	254	254	254	254	255	0	// Wings of Silence (1 UN)
6110	6110	10000	6402	15	1	1	7	63	0	0	0	254	254	254	254	254	255	0	// Wings of Condemnation (1 UN)
6120	6120	5000	6664	15	1	1	7	63	0	0	0	254	254	254	254	254	255	0	// Ring of Ice (1 UN)
6130	6130	5000	6665	15	1	1	7	63	0	0	0	254	254	254	254	254	255	0	// Ring of Poison (1 UN)
6140	6140	5000	6676	15	1	1	7	63	0	0	0	254	254	254	254	254	255	0	// Wizards Ring (1 UN)
6150	6150	5000	6677	15	1	1	7	63	0	0	0	254	254	254	254	254	255	0	// Ring of Fire (1 UN)
6160	6160	5000	6678	15	1	1	7	63	0	0	0	254	254	254	254	254	255	0	// Ring of Earth (1 UN)
6170	6170	5000	6679	15	1	1	7	63	0	0	0	254	254	254	254	254	255	0	// Ring of Wind (1 UN)
6180	6180	5000	6680	15	1	1	7	63	0	0	0	254	254	254	254	254	255	0	// Ring of Magic (1 UN)
6190	6190	5000	6668	15	1	1	7	63	0	0	0	254	254	254	254	254	255	0	// Pendant of Lighting (1 UN)
6200	6200	5000	6669	15	1	1	7	63	0	0	0	254	254	254	254	254	255	0	// Pendant of Fire (1 UN)
6210	6210	5000	6681	15	1	1	7	63	0	0	0	254	254	254	254	254	255	0	// Pendant of Ice (1 UN)
6220	6220	5000	6682	15	1	1	7	63	0	0	0	254	254	254	254	254	255	0	// Pendant of Wind (1 UN)
6230	6230	5000	6683	15	1	1	7	63	0	0	0	254	254	254	254	254	255	0	// Pendant of Water (1 UN)
6240	6240	5000	6684	15	1	1	7	63	0	0	0	254	254	254	254	254	255	0	// Pendant of Ability (1 UN)
6250	6250	2000	6732	15	1	1	0	63	0	0	0	254	254	254	254	254	255	0	// Panda Ring (1 UN)
6260	6260	2000	6659	15	1	1	7	63	0	0	0	254	254	254	254	254	255	0	// Horn of Dinorant (1 UN)
6270	6270	2000	6720	15	1	1	0	24	0	0	0	254	254	254	254	254	255	0	// Demon (1 UN)
6280	6280	2000	6723	15	1	1	0	24	0	0	0	254	254	254	254	254	255	0	// Pet Rudolf (1 UN)
6290	6290	2000	6736	15	1	1	0	24	0	0	0	254	254	254	254	254	255	0	// Pet Panda (1 UN)
6300	6300	2000	6762	15	1	1	7	63	0	0	0	254	254	254	254	254	255	0	// Pet Unicorn (1 UN)
6310	6310	2000	6779	15	1	1	7	63	0	0	0	254	254	254	254	254	255	0	// Pet Skeleton (1 UN)
6320	6320	2000	6856	15	1	1	7	63	0	0	0	254	254	254	254	254	255	0	// Necromantico (1 UN)
6330	6330	2000	6857	15	1	1	7	63	0	0	0	254	254	254	254	254	255	0	// MonkeyHGSSX (1 UN)
6340	6340	2000	6858	15	1	1	7	63	0	0	0	254	254	254	254	254	255	0	// WarriorBirdLZZ (1 UN)
6350	6350	2000	6859	15	1	1	7	63	0	0	0	254	254	254	254	254	255	0	// HeavenTTZZ (1 UN)
6360	6360	2000	6860	15	1	1	7	63	0	0	0	254	254	254	254	254	255	0	// GolemFireYH (1 UN)
6370	6370	2000	6861	15	1	1	7	63	0	0	0	254	254	254	254	254	255	0	// Premium Archangel Pet (1 UN)
6380	6380	2000	6862	15	1	1	7	63	0	0	0	254	254	254	254	254	255	0	// Boo Pet (1 UN)
6390	6390	2000	6863	15	1	1	7	63	0	0	0	254	254	254	254	254	255	0	// Nix Pet (1 UN)
6400	6400	2000	6864	15	1	1	7	63	0	0	0	254	254	254	254	254	255	0	// Nix Necro Pet (1 UN)
6410	6410	2000	6865	15	1	1	7	63	0	0	0	254	254	254	254	254	255	0	// Pet Baby Dragon (1 UN)
6420	6420	2000	6866	15	1	1	7	63	0	0	0	254	254	254	254	254	255	0	// Pet Yugiho (1 UN)
6430	6430	2000	6867	15	1	1	7	63	0	0	0	254	254	254	254	254	255	0	// Pet Lightning (1 UN)
6440	6440	2000	6868	15	1	1	7	63	0	0	0	254	254	254	254	254	255	0	// Pet Goku GT (1 UN)
6450	6450	2000	6869	15	1	1	7	63	0	0	0	254	254	254	254	254	255	0	// Pet Bilz Zama (1 UN)
6460	6460	2000	6870	15	1	1	7	63	0	0	0	254	254	254	254	254	255	0	// Pet RuneWizard (1 UN)
6470	6470	5000	29	15	1	1	7	63	0	0	0	254	254	254	254	254	255	0	// Sonic Blade (1 UN)
6480	6480	5000	36	15	1	1	7	63	0	0	0	254	254	254	254	254	255	0	// Cyclone Sword (1 UN)
6490	6490	5000	30	15	1	1	7	63	0	0	0	254	254	254	254	254	255	0	// Asura (1 UN)
6500	6500	5000	37	15	1	1	7	63	0	0	0	254	254	254	254	254	255	0	// Blast Break (1 UN)
6510	6510	5000	42	15	1	1	7	63	0	0	0	254	254	254	254	254	255	0	// Blood Angel Sword (1 UN)
6520	6520	5000	44	15	1	1	7	63	0	0	0	254	254	254	254	254	255	0	// Blood Angel Magic Sword (1 UN)
6530	6530	5000	51	15	1	1	7	63	0	0	0	254	254	254	254	254	255	0	// Blessed Divine Sword (1 UN)
6540	6540	5000	54	15	1	1	7	63	0	0	0	254	254	254	254	254	255	0	// Dark Angel Sword (1 UN)
6550	6550	5000	55	15	1	1	7	63	0	0	0	254	254	254	254	254	255	0	// Dark Angel Magic Sword (1 UN)
6560	6560	5000	57	15	1	1	7	63	0	0	0	254	254	254	254	254	255	0	// Holyangel Sword (1 UN)
6570	6570	5000	58	15	1	1	7	63	0	0	0	254	254	254	254	254	255	0	// Holyangel Magic Sword (1 UN)
6580	6580	5000	62	15	1	1	7	63	0	0	0	254	254	254	254	254	255	0	// Soul Sword (1 UN)
6590	6590	5000	63	15	1	1	7	63	0	0	0	254	254	254	254	254	255	0	// Soul Magic Sword (1 UN)
6600	6600	5000	72	15	1	1	7	63	0	0	0	254	254	254	254	254	255	0	// Blue Eye Sword (1 UN)
6610	6610	5000	73	15	1	1	7	63	0	0	0	254	254	254	254	254	255	0	// Blue Eye Magic Sword (1 UN)
6620	6620	7000	38	15	1	1	7	63	0	0	0	254	254	254	254	254	255	0	// Snake King Sword (1 UN)
6630	6630	7000	39	15	1	1	7	63	0	0	0	254	254	254	254	254	255	0	// Snake King Magic Sword (1 UN)
6640	6640	7000	74	15	1	1	7	63	0	0	0	254	254	254	254	254	255	0	// BlueDance Sword (1 UN)
6650	6650	7000	75	15	1	1	7	63	0	0	0	254	254	254	254	254	255	0	// BlueDance Magic Sword (1 UN)
6660	6660	7000	76	15	1	1	7	63	0	0	0	254	254	254	254	254	255	0	// Halloween Sword (1 UN)
6670	6670	7000	77	15	1	1	7	63	0	0	0	254	254	254	254	254	255	0	// Nightmare Sword (1 UN)
6680	6680	7000	78	15	1	1	7	63	0	0	0	254	254	254	254	254	255	0	// Demonic Sword (1 UN)
6690	6690	7000	79	15	1	1	7	63	0	0	0	254	254	254	254	254	255	0	// Red Of Dragon Sword (1 UN)
6700	6700	7000	80	15	1	1	7	63	0	0	0	254	254	254	254	254	255	0	// HellMain Sword (1 UN)
6710	6710	7000	81	15	1	1	7	63	0	0	0	254	254	254	254	254	255	0	// DaemonBlue Sword (1 UN)
6720	6720	7000	82	15	1	1	7	63	0	0	0	254	254	254	254	254	255	0	// Warrior Sword (1 UN)
6730	6730	7000	83	15	1	1	7	63	0	0	0	254	254	254	254	254	255	0	// Gold Drive Sword (1 UN)
6740	6740	7000	84	15	1	1	7	63	0	0	0	254	254	254	254	254	255	0	// Akrus Sword (1 UN)
6750	6750	7000	85	15	1	1	7	63	0	0	0	254	254	254	254	254	255	0	// BlueKing Sword (1 UN)
6760	6760	7000	100	15	1	1	7	63	0	0	0	254	254	254	254	254	255	0	// Shougun Sword (1 UN)
6770	6770	7000	101	15	1	1	7	63	0	0	0	254	254	254	254	254	255	0	// Snaiper Sword (1 UN)
6780	6780	7000	102	15	1	1	7	63	0	0	0	254	254	254	254	254	255	0	// AngelKing Sword (1 UN)
6790	6790	7000	103	15	1	1	7	63	0	0	0	254	254	254	254	254	255	0	// Strom Sword (1 UN)
6800	6800	7000	104	15	1	1	7	63	0	0	0	254	254	254	254	254	255	0	// Orion Sword (1 UN)
6810	6810	7000	105	15	1	1	7	63	0	0	0	254	254	254	254	254	255	0	// Sword ProGreen (1 UN)
6820	6820	7000	106	15	1	1	7	63	0	0	0	254	254	254	254	254	255	0	// Violen Sword (1 UN)
6830	6830	7000	107	15	1	1	7	63	0	0	0	254	254	254	254	254	255	0	// Rayi King Sword (1 UN)
6840	6840	7000	108	15	1	1	7	63	0	0	0	254	254	254	254	254	255	0	// Ulgrin Sword (1 UN)
6850	6850	7000	109	15	1	1	7	63	0	0	0	254	254	254	254	254	255	0	// Artemis Sword (1 UN)
6860	6860	10000	171	15	1	1	7	63	0	0	0	254	254	254	254	254	255	0	// Fire Bone Blade (1 UN)
6870	6870	10000	172	15	1	1	7	63	0	0	0	254	254	254	254	254	255	0	// Water Bone Blade (1 UN)
6880	6880	10000	173	15	1	1	7	63	0	0	0	254	254	254	254	254	255	0	// Wind Bone Blade (1 UN)
6890	6890	10000	174	15	1	1	7	63	0	0	0	254	254	254	254	254	255	0	// Earth Bone Blade (1 UN)
6900	6900	10000	175	15	1	1	7	63	0	0	0	254	254	254	254	254	255	0	// Fire Explosion Blade (1 UN)
6910	6910	10000	176	15	1	1	7	63	0	0	0	254	254	254	254	254	255	0	// Water Explosion Blade (1 UN)
6920	6920	10000	177	15	1	1	7	63	0	0	0	254	254	254	254	254	255	0	// Wind Explosion Blade (1 UN)
6930	6930	10000	178	15	1	1	7	63	0	0	0	254	254	254	254	254	255	0	// Earth Explosion Blade (1 UN)
6940	6940	10000	183	15	1	1	7	63	0	0	0	254	254	254	254	254	255	0	// Dark Bone Blade (1 UN)
6950	6950	10000	184	15	1	1	7	63	0	0	0	254	254	254	254	254	255	0	// Dark Explosion Blade (1 UN)
6960	6960	10000	186	15	1	1	7	63	0	0	0	254	254	254	254	254	255	0	// Light Bone Blade (1 UN)
6970	6970	10000	187	15	1	1	7	63	0	0	0	254	254	254	254	254	255	0	// Light Explosion Blade (1 UN)
6980	6980	10000	189	15	1	1	7	63	0	0	0	254	254	254	254	254	255	0	// Sword Extremix MG (1 UN)
6990	6990	10000	190	15	1	1	7	63	0	0	0	254	254	254	254	254	255	0	// Sword Extremix BK (1 UN)
7000	7000	7000	240	15	1	1	7	63	0	0	0	254	254	254	254	254	255	0	// Bloody Dragon Claw (1 UN)
7010	7010	7000	241	15	1	1	7	63	0	0	0	254	254	254	254	254	255	0	// Rudra King Claw (1 UN)
7020	7020	7000	242	15	1	1	7	63	0	0	0	254	254	254	254	254	255	0	// Blood Angel Claw (1 UN)
7030	7030	7000	243	15	1	1	7	63	0	0	0	254	254	254	254	254	255	0	// Blessed Divine Claw (1 UN)
7040	7040	7000	244	15	1	1	7	63	0	0	0	254	254	254	254	254	255	0	// Divine Claw Archangel (1 UN)
7050	7050	7000	245	15	1	1	7	63	0	0	0	254	254	254	254	254	255	0	// Blue Eye Claw (1 UN)
7060	7060	7000	246	15	1	1	7	63	0	0	0	254	254	254	254	254	255	0	// Tigris Claw (1 UN)
7070	7070	7000	247	15	1	1	7	63	0	0	0	254	254	254	254	254	255	0	// Crimson Skull Claw (1 UN)
7080	7080	7000	248	15	1	1	7	63	0	0	0	254	254	254	254	254	255	0	// Dark Angel Claw (1 UN)
7090	7090	7000	249	15	1	1	7	63	0	0	0	254	254	254	254	254	255	0	// Holy Angel Claw (1 UN)
7100	7100	7000	250	15	1	1	7	63	0	0	0	254	254	254	254	254	255	0	// Awakening Soul Claw (1 UN)
7110	7110	5000	1548	15	1	1	7	63	0	0	0	254	254	254	254	254	255	0	// Magmus Peer (1 UN)
7120	7120	7000	1549	15	1	1	7	63	0	0	0	254	254	254	254	254	255	0	// Snake King Spear (1 UN)
7130	7130	7000	1550	15	1	1	7	63	0	0	0	254	254	254	254	254	255	0	// Raiden King Spear (1 UN)
7140	7140	7000	1551	15	1	1	7	63	0	0	0	254	254	254	254	254	255	0	// Rayi King Spear (1 UN)
7150	7150	5000	1043	15	1	1	7	63	0	0	0	254	254	254	254	254	255	0	// Thunderbolt Scepter (1 UN)
7160	7160	5000	1044	15	1	1	7	63	0	0	0	254	254	254	254	254	255	0	// Horn of Steal (1 UN)
7170	7170	5000	1046	15	1	1	7	63	0	0	0	254	254	254	254	254	255	0	// Bloodangel Scepter (1 UN)
7180	7180	5000	1049	15	1	1	7	63	0	0	0	254	254	254	254	254	255	0	// Blessed Divine Scepter (1 UN)
7190	7190	5000	1050	15	1	1	7	63	0	0	0	254	254	254	254	254	255	0	// Dark Angel Scepter (1 UN)
7200	7200	5000	1051	15	1	1	7	63	0	0	0	254	254	254	254	254	255	0	// Holy Angel Scepter (1 UN)
7210	7210	5000	1052	15	1	1	7	63	0	0	0	254	254	254	254	254	255	0	// Soul Scepter (1 UN)
7220	7220	5000	1053	15	1	1	7	63	0	0	0	254	254	254	254	254	255	0	// Blue Eye Scepter (1 UN)
7230	7230	7000	1054	15	1	1	7	63	0	0	0	254	254	254	254	254	255	0	// Snake King Scepter (1 UN)
7240	7240	7000	1055	15	1	1	7	63	0	0	0	254	254	254	254	254	255	0	// BlueDance Sceptor (1 UN)
7250	7250	10000	1204	15	1	1	7	63	0	0	0	254	254	254	254	254	255	0	// Fire Soleil Scepter (1 UN)
7260	7260	10000	1205	15	1	1	7	63	0	0	0	254	254	254	254	254	255	0	// Water Soleil Scepter (1 UN)
7270	7270	10000	1206	15	1	1	7	63	0	0	0	254	254	254	254	254	255	0	// Wind Soleil Scepter (1 UN)
7280	7280	10000	1207	15	1	1	7	63	0	0	0	254	254	254	254	254	255	0	// Earth Soleil Scepter (1 UN)
7290	7290	10000	1208	15	1	1	7	63	0	0	0	254	254	254	254	254	255	0	// Dark Soleil Scepter (1 UN)
7300	7300	10000	1209	15	1	1	7	63	0	0	0	254	254	254	254	254	255	0	// Light Soleil Scepter (1 UN)
7310	7310	10000	1210	15	1	1	7	63	0	0	0	254	254	254	254	254	255	0	// Sceptor Extremix DL (1 UN)
7320	7320	10000	1211	15	1	1	7	63	0	0	0	254	254	254	254	254	255	0	// Mace Of King (1 UN)
7330	7330	10000	1212	15	1	1	7	63	0	0	0	254	254	254	254	254	255	0	// Mace Of Dragon (1 UN)
7340	7340	5000	2597	15	1	1	7	63	0	0	0	254	254	254	254	254	255	0	// Spite Staff (1 UN)
7350	7350	5000	2595	15	1	1	7	63	0	0	0	254	254	254	254	254	255	0	// Miracle Staff (1 UN)
7360	7360	5000	2601	15	1	1	7	63	0	0	0	254	254	254	254	254	255	0	// Blood Angel Staff (1 UN)
7370	7370	5000	2602	15	1	1	7	63	0	0	0	254	254	254	254	254	255	0	// Summon Spirit Stick (1 UN)
7380	7380	5000	2603	15	1	1	7	63	0	0	0	254	254	254	254	254	255	0	// Blood Angel Stick (1 UN)
7390	7390	5000	2609	15	1	1	7	63	0	0	0	254	254	254	254	254	255	0	// Blessed Divine Staff (1 UN)
7400	7400	5000	2610	15	1	1	7	63	0	0	0	254	254	254	254	254	255	0	// Blessed Divine Stick (1 UN)
7410	7410	5000	2611	15	1	1	7	63	0	0	0	254	254	254	254	254	255	0	// Dark Angel Staff (1 UN)
7420	7420	5000	2612	15	1	1	7	63	0	0	0	254	254	254	254	254	255	0	// Dark Angel Stick (1 UN)
7430	7430	5000	2613	15	1	1	7	63	0	0	0	254	254	254	254	254	255	0	// Holy Angel Staff (1 UN)
7440	7440	5000	2614	15	1	1	7	63	0	0	0	254	254	254	254	254	255	0	// Holy Angel Stick (1 UN)
7450	7450	5000	2615	15	1	1	7	63	0	0	0	254	254	254	254	254	255	0	// Soul Staff (1 UN)
7460	7460	5000	2616	15	1	1	7	63	0	0	0	254	254	254	254	254	255	0	// Soul Stick (1 UN)
7470	7470	5000	2617	15	1	1	7	63	0	0	0	254	254	254	254	254	255	0	// Blue Eye Staff (1 UN)
7480	7480	5000	2618	15	1	1	7	63	0	0	0	254	254	254	254	254	255	0	// Blue Eye Stick (1 UN)
7490	7490	7000	2619	15	1	1	7	63	0	0	0	254	254	254	254	254	255	0	// Snake King Staff (1 UN)
7500	7500	7000	2620	15	1	1	7	63	0	0	0	254	254	254	254	254	255	0	// BlueDance Staff (1 UN)
7510	7510	7000	2621	15	1	1	7	63	0	0	0	254	254	254	254	254	255	0	// Celestial Staff (1 UN)
7520	7520	7000	2622	15	1	1	7	63	0	0	0	254	254	254	254	254	255	0	// AngelKing Staff (1 UN)
7530	7530	10000	2739	15	1	1	7	63	0	0	0	254	254	254	254	254	255	0	// Fire Grand Viper Staff (1 UN)
7540	7540	10000	2740	15	1	1	7	63	0	0	0	254	254	254	254	254	255	0	// Water Grand Viper Staff (1 UN)
7550	7550	10000	2741	15	1	1	7	63	0	0	0	254	254	254	254	254	255	0	// Wind Grand Viper Staff (1 UN)
7560	7560	10000	2742	15	1	1	7	63	0	0	0	254	254	254	254	254	255	0	// Earth Grand Viper Staff (1 UN)
7570	7570	10000	2743	15	1	1	7	63	0	0	0	254	254	254	254	254	255	0	// Fire Storm Blitz Stick (1 UN)
7580	7580	10000	2744	15	1	1	7	63	0	0	0	254	254	254	254	254	255	0	// Water Storm Blitz Stick (1 UN)
7590	7590	10000	2745	15	1	1	7	63	0	0	0	254	254	254	254	254	255	0	// Wind Storm Blitz Stick (1 UN)
7600	7600	10000	2746	15	1	1	7	63	0	0	0	254	254	254	254	254	255	0	// Earth Storm Blitz Stick (1 UN)
7610	7610	10000	2747	15	1	1	7	63	0	0	0	254	254	254	254	254	255	0	// Dark Grand Viper Staff (1 UN)
7620	7620	10000	2748	15	1	1	7	63	0	0	0	254	254	254	254	254	255	0	// Dark Storm Blitz Stick (1 UN)
7630	7630	10000	2749	15	1	1	7	63	0	0	0	254	254	254	254	254	255	0	// Light Grand Viper Staff (1 UN)
7640	7640	10000	2750	15	1	1	7	63	0	0	0	254	254	254	254	254	255	0	// Light Storm Blitz Stick (1 UN)
7650	7650	10000	2751	15	1	1	7	63	0	0	0	254	254	254	254	254	255	0	// Staff Extremix pro (1 UN)
7660	7660	5000	2073	15	1	1	7	63	0	0	0	254	254	254	254	254	255	0	// Angelic Bow (1 UN)
7670	7670	5000	2076	15	1	1	7	63	0	0	0	254	254	254	254	254	255	0	// Blood Angel Bow (1 UN)
7680	7680	5000	2079	15	1	1	7	63	0	0	0	254	254	254	254	254	255	0	// Dark Angel Bow (1 UN)
7690	7690	5000	2080	15	1	1	7	63	0	0	0	254	254	254	254	254	255	0	// Holy Angel Bow (1 UN)
7700	7700	5000	2081	15	1	1	7	63	0	0	0	254	254	254	254	254	255	0	// Soul Bow (1 UN)
7710	7710	5000	2082	15	1	1	7	63	0	0	0	254	254	254	254	254	255	0	// Blue Eye Bow (1 UN)
7720	7720	5000	2083	15	1	1	7	63	0	0	0	254	254	254	254	254	255	0	// BlueDance Bow (1 UN)
7730	7730	5000	2088	15	1	1	7	63	0	0	0	254	254	254	254	254	255	0	// Devil Crossbow (1 UN)
7740	7740	5000	2089	15	1	1	7	63	0	0	0	254	254	254	254	254	255	0	// Blessed Divine Crossbow (1 UN)
7750	7750	10000	2228	15	1	1	7	63	0	0	0	254	254	254	254	254	255	0	// Fire Sylph Wind Bow (1 UN)
7760	7760	10000	2229	15	1	1	7	63	0	0	0	254	254	254	254	254	255	0	// Water Sylph Wind Bow (1 UN)
7770	7770	10000	2230	15	1	1	7	63	0	0	0	254	254	254	254	254	255	0	// Wind Sylph Wind Bow (1 UN)
7780	7780	10000	2231	15	1	1	7	63	0	0	0	254	254	254	254	254	255	0	// Earth Sylph Wind Bow (1 UN)
7790	7790	10000	2232	15	1	1	7	63	0	0	0	254	254	254	254	254	255	0	// Dark Sylph Wind Bow (1 UN)
7800	7800	10000	2233	15	1	1	7	63	0	0	0	254	254	254	254	254	255	0	// Light Sylph Wind Bow (1 UN)
7810	7810	10000	2235	15	1	1	7	63	0	0	0	254	254	254	254	254	255	0	// Bow Extremix Pro (1 UN)
7820	7820	5000	3094	15	1	1	7	63	0	0	0	254	254	254	254	254	255	0	// Lazy Wind Shield (1 UN)
7830	7830	5000	3095	15	1	1	7	63	0	0	0	254	254	254	254	254	255	0	// Light Lord Shield (1 UN)
7840	7840	5000	3096	15	1	1	7	63	0	0	0	254	254	254	254	254	255	0	// Dark Devil Shield (1 UN)
7850	7850	5000	3097	15	1	1	7	63	0	0	0	254	254	254	254	254	255	0	// Magic Knight Shield (1 UN)
7860	7860	5000	3098	15	1	1	7	63	0	0	0	254	254	254	254	254	255	0	// Ambition Shield (1 UN)
7870	7870	7000	3099	15	1	1	7	63	0	0	0	254	254	254	254	254	255	0	// Blood Angel Shield (1 UN)
7880	7880	7000	3100	15	1	1	7	63	0	0	0	254	254	254	254	254	255	0	// Dark Angel Shield (1 UN)
7890	7890	7000	3101	15	1	1	7	63	0	0	0	254	254	254	254	254	255	0	// Holy Angel Shield (1 UN)
7900	7900	7000	3102	15	1	1	7	63	0	0	0	254	254	254	254	254	255	0	// Awakening Shield (1 UN)
7910	7910	7000	3103	15	1	1	7	63	0	0	0	254	254	254	254	254	255	0	// Blueeye Shield (1 UN)
7920	7920	7000	3104	15	1	1	7	63	0	0	0	254	254	254	254	254	255	0	// Silverheart Shield (1 UN)
7930	7930	7000	3105	15	1	1	7	63	0	0	0	254	254	254	254	254	255	0	// Shield Extremix (1 UN)
7940	7940	7000	3106	15	1	1	7	63	0	0	0	254	254	254	254	254	255	0	// Snake King Shield (1 UN)
7950	7950	7000	3107	15	1	1	7	63	0	0	0	254	254	254	254	254	255	0	// BlueDance Shield (1 UN)
7960	7960	7000	3108	15	1	1	7	63	0	0	0	254	254	254	254	254	255	0	// Halloween Shield (1 UN)
7970	7970	7000	3109	15	1	1	7	63	0	0	0	254	254	254	254	254	255	0	// Nightmare Shield (1 UN)
7980	7980	7000	3110	15	1	1	7	63	0	0	0	254	254	254	254	254	255	0	// Demonic Shield (1 UN)
7990	7990	7000	3111	15	1	1	7	63	0	0	0	254	254	254	254	254	255	0	// Red Of Dragon Shield (1 UN)
8000	8000	7000	3112	15	1	1	7	63	0	0	0	254	254	254	254	254	255	0	// HellMain Shield (1 UN)
8010	8010	7000	3113	15	1	1	7	63	0	0	0	254	254	254	254	254	255	0	// Celestial Shield (1 UN)
8020	8020	7000	3114	15	1	1	7	63	0	0	0	254	254	254	254	254	255	0	// Gold Drive Shield (1 UN)
8030	8030	7000	3115	15	1	1	7	63	0	0	0	254	254	254	254	254	255	0	// Orion Shield (1 UN)
8040	8040	7000	3118	15	1	1	7	63	0	0	0	254	254	254	254	254	255	0	// Master Shield (1 UN)
8050	8050	7000	3119	15	1	1	7	63	0	0	0	254	254	254	254	254	255	0	// Rayi King Shield (1 UN)
8060	8060	5000	4683	15	1	1	0	63	0	0	0	255	255	255	255	255	255	0	// Light Lord Pants (1 UN)
8070	8070	5000	5195	15	1	1	0	63	0	0	0	255	255	255	255	255	255	0	// Light Lord Gloves (1 UN)
8080	8080	5000	4685	15	1	1	0	63	0	0	0	255	255	255	255	255	255	0	// Bloody Dragon Pants (1 UN)
8090	8090	5000	4686	15	1	1	0	63	0	0	0	255	255	255	255	255	255	0	// Rudra King Pants (1 UN)
8100	8100	5000	4687	15	1	1	0	63	0	0	0	255	255	255	255	255	255	0	// Snake King Fem Pants (1 UN)
8110	8110	5000	4688	15	1	1	0	63	0	0	0	255	255	255	255	255	255	0	// Snake King Mas Pants (1 UN)
8120	8120	5000	4689	15	1	1	0	63	0	0	0	255	255	255	255	255	255	0	// BlueDance Fem Pants (1 UN)
8130	8130	5000	4690	15	1	1	0	63	0	0	0	255	255	255	255	255	255	0	// BlueDance Mas Pants (1 UN)
8140	8140	5000	4691	15	1	1	0	63	0	0	0	255	255	255	255	255	255	0	// Halloween Pants (1 UN)
8150	8150	5000	4692	15	1	1	0	63	0	0	0	255	255	255	255	255	255	0	// Gold Knight Pants (1 UN)
8160	8160	5000	4693	15	1	1	0	63	0	0	0	255	255	255	255	255	255	0	// Red Of Dragon Pants (1 UN)
8170	8170	5000	4694	15	1	1	0	63	0	0	0	255	255	255	255	255	255	0	// HellMain Pants (1 UN)
8180	8180	5000	4695	15	1	1	0	63	0	0	0	255	255	255	255	255	255	0	// DaemonBlue Pants (1 UN)
8190	8190	5000	4696	15	1	1	0	63	0	0	0	255	255	255	255	255	255	0	// Lord Green Pants (1 UN)
8200	8200	5000	4697	15	1	1	0	63	0	0	0	255	255	255	255	255	255	0	// Warrior Pants (1 UN)
8210	8210	5000	4698	15	1	1	0	63	0	0	0	255	255	255	255	255	255	0	// Gold Drive Pants (1 UN)
8220	8220	5000	4699	15	1	1	0	63	0	0	0	255	255	255	255	255	255	0	// Succubus Pants (1 UN)
8230	8230	5000	4700	15	1	1	0	63	0	0	0	255	255	255	255	255	255	0	// Migate no Goku Pants (1 UN)
8240	8240	5000	3638	15	1	1	7	63	0	0	0	254	254	254	254	254	255	0	// Lazy Wind Helm (1 UN)
8250	8250	5000	3639	15	1	1	7	63	0	0	0	254	254	254	254	254	255	0	// Dark Devil Helm (1 UN)
8260	8260	5000	3640	15	1	1	7	63	0	0	0	254	254	254	254	254	255	0	// Sticky Helm (1 UN)
8270	8270	5000	3642	15	1	1	7	63	0	0	0	254	254	254	254	254	255	0	// Ambition Helm (1 UN)
8280	8280	5000	3658	15	1	1	7	63	0	0	0	254	254	254	254	254	255	0	// Stormwing Helm (1 UN)
8290	8290	5000	3659	15	1	1	7	63	0	0	0	254	254	254	254	254	255	0	// Light Lord Helm (1 UN)
8300	8300	5000	3661	15	1	1	7	63	0	0	0	254	254	254	254	254	255	0	// Bloody Dragon Helm (1 UN)
8310	8310	5000	3662	15	1	1	7	63	0	0	0	254	254	254	254	254	255	0	// Rudra King Helm (1 UN)
8320	8320	5000	3663	15	1	1	7	63	0	0	0	254	254	254	254	254	255	0	// Snake King Fem Helm (1 UN)
8330	8330	5000	3664	15	1	1	7	63	0	0	0	254	254	254	254	254	255	0	// Snake King Mas Helm (1 UN)
8340	8340	5000	3665	15	1	1	7	63	0	0	0	254	254	254	254	254	255	0	// BlueDance Fem Helm (1 UN)
8350	8350	5000	3666	15	1	1	7	63	0	0	0	254	254	254	254	254	255	0	// BlueDance Mas Helm (1 UN)
8360	8360	5000	3667	15	1	1	7	63	0	0	0	254	254	254	254	254	255	0	// Halloween Helm (1 UN)
8370	8370	5000	3668	15	1	1	7	63	0	0	0	254	254	254	254	254	255	0	// Gold Knight Helm (1 UN)
8380	8380	5000	3669	15	1	1	7	63	0	0	0	254	254	254	254	254	255	0	// Red Of Dragon Helm (1 UN)
8390	8390	5000	3670	15	1	1	7	63	0	0	0	254	254	254	254	254	255	0	// HellMain Helm (1 UN)
8400	8400	5000	3671	15	1	1	7	63	0	0	0	254	254	254	254	254	255	0	// DaemonBlue Helm (1 UN)
8410	8410	5000	3672	15	1	1	7	63	0	0	0	254	254	254	254	254	255	0	// Lord Green Helm (1 UN)
8420	8420	5000	3673	15	1	1	7	63	0	0	0	254	254	254	254	254	255	0	// Warrior Helm (1 UN)
8430	8430	5000	3674	15	1	1	7	63	0	0	0	254	254	254	254	254	255	0	// Gold Drive Helm (1 UN)
8440	8440	5000	3675	15	1	1	7	63	0	0	0	254	254	254	254	254	255	0	// Succubus Helm (1 UN)
8450	8450	5000	3676	15	1	1	0	63	0	0	0	254	254	254	254	254	255	0	// Migate no Goku Helm (1 UN)
8460	8460	7000	3682	15	1	1	7	63	0	0	0	254	254	254	254	254	255	0	// Bloodangel Knight Helm (1 UN)
8470	8470	7000	3683	15	1	1	7	63	0	0	0	254	254	254	254	254	255	0	// Bloodangel Wizard Helm (1 UN)
8480	8480	7000	3684	15	1	1	7	63	0	0	0	254	254	254	254	254	255	0	// Bloodangel Elf Helm (1 UN)
8490	8490	7000	3685	15	1	1	7	63	0	0	0	254	254	254	254	254	255	0	// Bloodangel Summoner Helm (1 UN)
8500	8500	7000	3687	15	1	1	7	63	0	0	0	254	254	254	254	254	255	0	// Bloodangel Lord Helm (1 UN)
8510	8510	7000	3688	15	1	1	7	63	0	0	0	254	254	254	254	254	255	0	// Bloodangel Fighter Helm (1 UN)
8520	8520	7000	3690	15	1	1	7	63	0	0	0	254	254	254	254	254	255	0	// Awakening Soul Knight Helm (1 UN)
8530	8530	7000	3691	15	1	1	7	63	0	0	0	254	254	254	254	254	255	0	// Awakening Soul Wizard Helm (1 UN)
8540	8540	7000	3692	15	1	1	7	63	0	0	0	254	254	254	254	254	255	0	// Awakening Soul Elf Helm (1 UN)
8550	8550	7000	3693	15	1	1	7	63	0	0	0	254	254	254	254	254	255	0	// Awakening Soul Summoner Helm (1 UN)
8560	8560	7000	3695	15	1	1	7	63	0	0	0	254	254	254	254	254	255	0	// Awakening Soul Lord Helm (1 UN)
8570	8570	7000	3696	15	1	1	7	63	0	0	0	254	254	254	254	254	255	0	// Awakening Soul Fighter Helm (1 UN)
8580	8580	7000	3722	15	1	1	7	63	0	0	0	254	254	254	254	254	255	0	// Darkangel Knight Helm (1 UN)
8590	8590	7000	3723	15	1	1	7	63	0	0	0	254	254	254	254	254	255	0	// Darkangel Wizard Helm (1 UN)
8600	8600	7000	3724	15	1	1	7	63	0	0	0	254	254	254	254	254	255	0	// Darkangel Elf Helm (1 UN)
8610	8610	7000	3725	15	1	1	7	63	0	0	0	254	254	254	254	254	255	0	// Darkangel Summoner Helm (1 UN)
8620	8620	7000	3727	15	1	1	7	63	0	0	0	254	254	254	254	254	255	0	// Darkangel Lord Helm (1 UN)
8630	8630	7000	3728	15	1	1	7	63	0	0	0	254	254	254	254	254	255	0	// Darkangel Fighter Helm (1 UN)
8640	8640	7000	3730	15	1	1	7	63	0	0	0	254	254	254	254	254	255	0	// Tigris Helm (1 UN)
8650	8650	7000	3731	15	1	1	7	63	0	0	0	254	254	254	254	254	255	0	// Crimson Skull Helm (1 UN)
8660	8660	7000	3734	15	1	1	7	63	0	0	0	254	254	254	254	254	255	0	// Holyangel Knight Helm (1 UN)
8670	8670	7000	3735	15	1	1	7	63	0	0	0	254	254	254	254	254	255	0	// Holyangel Wizard Helm (1 UN)
8680	8680	7000	3736	15	1	1	7	63	0	0	0	254	254	254	254	254	255	0	// Holyangel Elf Helm (1 UN)
8690	8690	7000	3737	15	1	1	7	63	0	0	0	254	254	254	254	254	255	0	// Holyangel Summoner Helm (1 UN)
8700	8700	7000	3739	15	1	1	7	63	0	0	0	254	254	254	254	254	255	0	// Holyangel Lord Helm (1 UN)
8710	8710	7000	3740	15	1	1	7	63	0	0	0	254	254	254	254	254	255	0	// Holyangel Fighter Helm (1 UN)
8720	8720	7000	3748	15	1	1	7	63	0	0	0	254	254	254	254	254	255	0	// Blue Eye Knight Helm (1 UN)
8730	8730	7000	3749	15	1	1	7	63	0	0	0	254	254	254	254	254	255	0	// Blue Eye Wizard Helm (1 UN)
8740	8740	7000	3750	15	1	1	7	63	0	0	0	254	254	254	254	254	255	0	// Blue Eye Elf Helm (1 UN)
8750	8750	7000	3751	15	1	1	7	63	0	0	0	254	254	254	254	254	255	0	// Blue Eye Summoner Helm (1 UN)
8760	8760	7000	3753	15	1	1	7	63	0	0	0	254	254	254	254	254	255	0	// Blue Eye Lord Helm (1 UN)
8770	8770	7000	3754	15	1	1	7	63	0	0	0	254	254	254	254	254	255	0	// Blue Eye Fighter Helm (1 UN)
8780	8780	5000	3638	15	1	1	7	63	0	0	0	254	254	254	254	254	255	0	// Lazy Wind Helm (1 UN)
8790	8790	5000	3639	15	1	1	7	63	0	0	0	254	254	254	254	254	255	0	// Dark Devil Helm (1 UN)
8800	8800	5000	5197	15	1	1	0	63	0	0	0	255	255	255	255	255	255	0	// Bloody Dragon Gloves (1 UN)
8810	8810	5000	3642	15	1	1	7	63	0	0	0	254	254	254	254	254	255	0	// Ambition Helm (1 UN)
8820	8820	5000	5198	15	1	1	0	63	0	0	0	255	255	255	255	255	255	0	// Rudra King Gloves (1 UN)
8830	8830	5000	3659	15	1	1	7	63	0	0	0	254	254	254	254	254	255	0	// Light Lord Helm (1 UN)
8840	8840	5000	3661	15	1	1	7	63	0	0	0	254	254	254	254	254	255	0	// Bloody Dragon Helm (1 UN)
8850	8850	5000	3662	15	1	1	7	63	0	0	0	254	254	254	254	254	255	0	// Rudra King Helm (1 UN)
8860	8860	5000	3663	15	1	1	7	63	0	0	0	254	254	254	254	254	255	0	// Snake King Fem Helm (1 UN)
8870	8870	5000	3664	15	1	1	7	63	0	0	0	254	254	254	254	254	255	0	// Snake King Mas Helm (1 UN)
8880	8880	5000	3665	15	1	1	7	63	0	0	0	254	254	254	254	254	255	0	// BlueDance Fem Helm (1 UN)
8890	8890	5000	3666	15	1	1	7	63	0	0	0	254	254	254	254	254	255	0	// BlueDance Mas Helm (1 UN)
8900	8900	5000	3667	15	1	1	7	63	0	0	0	254	254	254	254	254	255	0	// Halloween Helm (1 UN)
8910	8910	5000	3668	15	1	1	7	63	0	0	0	254	254	254	254	254	255	0	// Gold Knight Helm (1 UN)
8920	8920	5000	3669	15	1	1	7	63	0	0	0	254	254	254	254	254	255	0	// Red Of Dragon Helm (1 UN)
8930	8930	5000	3670	15	1	1	7	63	0	0	0	254	254	254	254	254	255	0	// HellMain Helm (1 UN)
8940	8940	5000	3671	15	1	1	7	63	0	0	0	254	254	254	254	254	255	0	// DaemonBlue Helm (1 UN)
8950	8950	5000	3672	15	1	1	7	63	0	0	0	254	254	254	254	254	255	0	// Lord Green Helm (1 UN)
8960	8960	5000	3673	15	1	1	7	63	0	0	0	254	254	254	254	254	255	0	// Warrior Helm (1 UN)
8970	8970	5000	3674	15	1	1	7	63	0	0	0	254	254	254	254	254	255	0	// Gold Drive Helm (1 UN)
8980	8980	5000	3675	15	1	1	7	63	0	0	0	254	254	254	254	254	255	0	// Succubus Helm (1 UN)
8990	8990	5000	3676	15	1	1	7	63	0	0	0	254	254	254	254	254	255	0	// Migate no Goku Helm (1 UN)
9000	9000	5000	5174	15	1	1	0	63	0	0	0	255	255	255	255	255	255	0	// Lazy Wind Gloves (1 UN)
9010	9010	5000	5175	15	1	1	0	63	0	0	0	255	255	255	255	255	255	0	// Dark Devil Gloves (1 UN)
9020	9020	5000	5199	15	1	1	0	63	0	0	0	255	255	255	255	255	255	0	// Snake King Fem Gloves (1 UN)
9030	9030	5000	5177	15	1	1	0	63	0	0	0	255	255	255	255	255	255	0	// Hell Night Gloves (1 UN)
9040	9040	5000	5178	15	1	1	0	63	0	0	0	255	255	255	255	255	255	0	// Ambition Gloves (1 UN)
9050	9050	5000	5200	15	1	1	0	63	0	0	0	255	255	255	255	255	255	0	// Snake King Mas Gloves (1 UN)
9060	9060	5000	5201	15	1	1	0	63	0	0	0	255	255	255	255	255	255	0	// BlueDance Fem Gloves (1 UN)
9070	9070	5000	5202	15	1	1	0	63	0	0	0	255	255	255	255	255	255	0	// BlueDance Mas Gloves (1 UN)
9080	9080	5000	5203	15	1	1	0	63	0	0	0	255	255	255	255	255	255	0	// Halloween Gloves (1 UN)
9090	9090	5000	5204	15	1	1	0	63	0	0	0	255	255	255	255	255	255	0	// Gold Knight Gloves (1 UN)
9100	9100	5000	5205	15	1	1	0	63	0	0	0	255	255	255	255	255	255	0	// Red Of Dragon Gloves (1 UN)
9110	9110	5000	5206	15	1	1	0	63	0	0	0	255	255	255	255	255	255	0	// HellMain	Gloves (1 UN)
9120	9120	5000	5207	15	1	1	0	63	0	0	0	255	255	255	255	255	255	0	// DaemonBlue Gloves (1 UN)
9130	9130	5000	5208	15	1	1	0	63	0	0	0	255	255	255	255	255	255	0	// Lord Green Gloves (1 UN)
9140	9140	5000	5209	15	1	1	0	63	0	0	0	255	255	255	255	255	255	0	// Warrior Gloves (1 UN)
9150	9150	5000	5210	15	1	1	0	63	0	0	0	255	255	255	255	255	255	0	// Gold Drive Gloves (1 UN)
9160	9160	5000	5211	15	1	1	0	63	0	0	0	255	255	255	255	255	255	0	// Succubus Gloves (1 UN)
9170	9170	5000	5212	15	1	1	0	63	0	0	0	255	255	255	255	255	255	0	// Migate no Goku Gloves (1 UN)
9180	9180	5000	5686	15	1	1	0	63	0	0	0	255	255	255	255	255	255	0	// Lazy Wind Boots (1 UN)
9190	9190	5000	5687	15	1	1	0	63	0	0	0	255	255	255	255	255	255	0	// Dark Devil Boots (1 UN)
9200	9200	5000	5689	15	1	1	0	63	0	0	0	255	255	255	255	255	255	0	// Hell Night Boots (1 UN)
9210	9210	5000	5690	15	1	1	0	63	0	0	0	255	255	255	255	255	255	0	// Ambition Boots (1 UN)
9220	9220	5000	5707	15	1	1	0	63	0	0	0	255	255	255	255	255	255	0	// Light Lord Boots (1 UN)
9230	9230	5000	5709	15	1	1	0	63	0	0	0	255	255	255	255	255	255	0	// Bloody Dragon Boots (1 UN)
9240	9240	5000	5710	15	1	1	0	63	0	0	0	255	255	255	255	255	255	0	// Rudra King Boots (1 UN)
9250	9250	5000	5711	15	1	1	0	63	0	0	0	255	255	255	255	255	255	0	// Snake King Fem Boots (1 UN)
9260	9260	5000	5712	15	1	1	0	63	0	0	0	255	255	255	255	255	255	0	// Snake King Mas Boots (1 UN)
9270	9270	5000	5713	15	1	1	0	63	0	0	0	255	255	255	255	255	255	0	// BlueDance Fem Boots (1 UN)
9280	9280	5000	5714	15	1	1	0	63	0	0	0	255	255	255	255	255	255	0	// BlueDance Mas Boots (1 UN)
9290	9290	5000	5715	15	1	1	0	63	0	0	0	255	255	255	255	255	255	0	// Halloween Boots (1 UN)
9300	9300	5000	5716	15	1	1	0	63	0	0	0	255	255	255	255	255	255	0	// Gold Knight Boots (1 UN)
9310	9310	5000	5717	15	1	1	0	63	0	0	0	255	255	255	255	255	255	0	// Red Of Dragon Boots (1 UN)
9320	9320	5000	4150	15	1	1	7	63	0	0	0	254	254	254	254	254	255	0	// Lazy Wind Armor (1 UN)
9330	9330	5000	4151	15	1	1	7	63	0	0	0	254	254	254	254	254	255	0	// Dark Devil Armor (1 UN)
9340	9340	5000	5718	15	1	1	0	63	0	0	0	255	255	255	255	255	255	0	// HellMain Boots (1 UN)
9350	9350	5000	4153	15	1	1	7	63	0	0	0	254	254	254	254	254	255	0	// Hell Night Armor (1 UN)
9360	9360	5000	4154	15	1	1	7	63	0	0	0	254	254	254	254	254	255	0	// Ambition Armor (1 UN)
9370	9370	5000	5719	15	1	1	0	63	0	0	0	255	255	255	255	255	255	0	// DaemonBlue Boots (1 UN)
9380	9380	5000	4171	15	1	1	7	63	0	0	0	254	254	254	254	254	255	0	// Light Lord Armor (1 UN)
9390	9390	5000	5720	15	1	1	0	63	0	0	0	255	255	255	255	255	255	0	// Lord Green Boots (1 UN)
9400	9400	5000	4173	15	1	1	7	63	0	0	0	254	254	254	254	254	255	0	// Bloody Dragon Armor (1 UN)
9410	9410	5000	4174	15	1	1	7	63	0	0	0	254	254	254	254	254	255	0	// Rudra King Armor (1 UN)
9420	9420	5000	4175	15	1	1	7	63	0	0	0	254	254	254	254	254	255	0	// Snake King Fem Armor (1 UN)
9430	9430	5000	4176	15	1	1	7	63	0	0	0	254	254	254	254	254	255	0	// Snake King Mas Armor (1 UN)
9440	9440	5000	4177	15	1	1	7	63	0	0	0	254	254	254	254	254	255	0	// BlueDance Fem Armor (1 UN)
9450	9450	5000	4178	15	1	1	7	63	0	0	0	254	254	254	254	254	255	0	// BlueDance Mas Armor (1 UN)
9460	9460	5000	4179	15	1	1	7	63	0	0	0	254	254	254	254	254	255	0	// Halloween Armor (1 UN)
9470	9470	5000	4180	15	1	1	7	63	0	0	0	254	254	254	254	254	255	0	// Gold Knight Armor (1 UN)
9480	9480	5000	4181	15	1	1	7	63	0	0	0	254	254	254	254	254	255	0	// Red Of Dragon Armor (1 UN)
9490	9490	5000	4182	15	1	1	7	63	0	0	0	254	254	254	254	254	255	0	// HellMain Armor (1 UN)
9500	9500	5000	4183	15	1	1	7	63	0	0	0	254	254	254	254	254	255	0	// DaemonBlue Armor (1 UN)
9510	9510	5000	4184	15	1	1	7	63	0	0	0	254	254	254	254	254	255	0	// Lord Green Armor (1 UN)
9520	9520	5000	4185	15	1	1	7	63	0	0	0	254	254	254	254	254	255	0	// Warrior Armor (1 UN)
9530	9530	5000	4186	15	1	1	7	63	0	0	0	254	254	254	254	254	255	0	// Gold Drive Armor (1 UN)
9540	9540	5000	4187	15	1	1	7	63	0	0	0	254	254	254	254	254	255	0	// Succubus Armor (1 UN)
9550	9550	5000	4188	15	1	1	7	63	0	0	0	254	254	254	254	254	255	0	// Migate no Goku Armor (1 UN)
9560	9560	5000	5721	15	1	1	0	63	0	0	0	255	255	255	255	255	255	0	// Warrior Boots (1 UN)
9570	9570	5000	5722	15	1	1	0	63	0	0	0	255	255	255	255	255	255	0	// Gold Drive Boots (1 UN)
9580	9580	5000	5723	15	1	1	0	63	0	0	0	255	255	255	255	255	255	0	// Succubus Boots (1 UN)
9590	9590	5000	5724	15	1	1	0	63	0	0	0	255	255	255	255	255	255	0	// Migate no Goku Boots (1 UN)
9930	9930	5000	4662	15	1	1	0	63	0	0	0	255	255	255	255	255	255	0	// Lazy Wind Pants (1 UN)
9940	9940	5000	4663	15	1	1	0	63	0	0	0	255	255	255	255	255	255	0	// Dark Devil Pants (1 UN)
9960	9960	5000	4665	15	1	1	0	63	0	0	0	255	255	255	255	255	255	0	// Hell Night Pants (1 UN)
9970	9970	5000	4666	15	1	1	0	63	0	0	0	255	255	255	255	255	255	0	// Ambition Pants (1 UN)
end
